200 756
1 2
1 11
1 18
1 39
1 45
1 115
1 160
1 183
1 198
1 200
2 3
2 13
2 59
2 69
2 74
2 79
2 83
2 104
2 142
2 143
2 152
2 164
3 4
3 34
3 41
3 60
3 66
3 68
3 111
3 191
4 5
4 167
4 182
5 6
5 46
5 148
5 165
5 173
5 178
6 7
6 24
6 66
6 68
6 117
7 8
7 13
7 27
7 43
7 80
7 140
7 145
7 157
8 9
8 12
8 81
8 93
8 95
8 158
8 193
9 10
9 64
9 100
10 11
10 76
10 96
10 98
10 116
10 140
10 174
11 12
11 32
11 44
11 45
11 130
11 183
11 198
12 13
12 81
12 93
12 95
12 158
12 193
13 14
13 27
13 43
13 59
13 74
13 80
13 104
13 142
13 145
13 152
14 15
14 30
15 16
15 58
15 67
15 82
15 138
15 144
16 17
16 41
16 117
16 153
16 191
17 18
17 20
17 53
17 105
17 121
18 19
18 37
18 39
18 51
18 73
18 160
18 186
19 20
19 61
19 91
19 153
19 162
20 21
20 71
20 99
20 105
21 22
21 26
21 47
21 112
21 119
21 155
21 171
21 175
22 23
22 25
22 78
22 107
22 125
22 159
22 180
23 24
23 44
23 130
23 166
24 25
24 65
24 66
24 68
24 117
24 120
25 26
25 75
25 78
25 107
25 125
25 149
25 159
25 180
25 197
26 27
26 133
26 134
26 171
26 175
27 28
27 43
27 80
27 84
27 145
27 151
27 157
28 29
28 40
28 53
28 114
28 118
28 154
28 176
29 30
29 39
29 44
29 45
29 83
29 128
29 183
30 31
30 69
30 83
30 128
31 32
31 76
31 96
31 116
31 129
31 150
32 33
32 100
32 130
32 137
32 166
33 34
33 40
33 54
33 70
33 114
33 124
33 154
34 35
34 60
34 72
34 111
34 136
35 36
35 49
35 92
35 102
35 187
35 196
35 199
36 37
36 77
37 38
37 39
37 51
37 155
37 160
37 185
38 39
38 62
38 127
39 40
39 45
39 183
40 41
40 53
40 54
40 114
40 118
40 154
40 176
41 42
41 66
41 68
41 117
41 153
41 191
42 43
42 129
42 169
42 179
43 44
43 80
43 140
43 145
44 45
44 130
44 183
44 198
45 46
45 183
45 198
46 47
46 141
46 148
46 165
46 173
46 178
46 182
46 187
47 48
47 108
47 112
47 119
47 134
47 155
47 185
47 195
48 49
48 109
48 120
48 146
48 161
49 50
49 92
49 102
49 187
49 196
49 199
50 51
50 56
50 88
50 89
50 101
50 149
50 184
50 200
51 52
51 112
51 155
51 185
52 53
52 57
52 73
52 85
52 115
52 172
53 54
53 118
53 121
53 176
54 55
54 114
54 154
55 56
55 127
55 156
55 189
56 57
56 75
56 88
56 89
56 107
56 126
56 149
56 184
56 192
56 197
56 200
57 58
57 85
57 172
57 190
58 59
58 67
58 82
58 138
58 144
59 60
59 74
59 80
59 145
59 181
59 185
60 61
60 111
61 62
61 91
61 162
62 63
62 93
63 64
63 110
63 133
64 65
64 100
64 123
65 66
65 87
65 90
65 188
66 67
66 68
66 117
67 68
67 122
67 138
68 69
68 117
69 70
69 79
69 83
69 103
69 128
69 143
69 164
70 71
70 72
70 106
70 124
71 72
71 99
71 105
71 131
72 73
72 106
72 111
72 124
72 136
73 74
73 160
73 186
74 75
74 80
74 145
74 181
74 185
75 76
75 89
75 101
75 107
75 125
75 149
75 180
75 184
75 197
75 200
76 77
76 96
76 116
76 129
76 150
76 169
77 78
77 97
77 135
78 79
78 107
78 125
78 159
79 80
79 83
79 103
79 104
79 128
79 142
79 143
79 164
80 81
80 84
80 145
80 157
80 181
81 82
81 93
81 95
81 158
81 193
82 83
82 138
82 144
83 84
83 128
84 85
84 108
84 145
84 151
84 157
84 181
84 185
84 195
85 86
85 172
86 87
86 88
86 101
86 113
86 194
87 88
87 90
87 151
88 89
88 101
88 149
88 200
89 90
89 101
89 149
89 200
90 91
90 170
91 92
91 153
91 162
92 93
92 102
92 187
92 196
92 199
93 94
93 95
93 193
94 95
94 99
94 131
94 172
94 190
95 96
95 193
96 97
96 116
96 129
96 150
96 174
97 98
97 103
97 135
98 99
98 141
98 168
98 174
98 199
99 100
99 105
99 131
100 101
100 123
101 102
101 149
101 200
102 103
102 165
102 187
102 196
103 104
103 142
103 143
103 164
103 167
104 105
104 132
104 142
104 143
104 147
104 152
104 164
105 106
106 107
106 136
107 108
107 125
107 149
107 159
107 180
107 184
107 192
107 197
107 200
108 109
108 112
108 119
108 134
108 151
108 195
109 110
109 120
109 146
109 161
109 180
110 111
110 124
110 133
110 163
111 112
111 136
112 113
112 119
112 155
112 181
112 185
112 195
113 114
113 194
114 115
114 118
114 154
115 116
115 198
116 117
116 129
116 150
116 174
117 118
118 119
118 154
118 176
119 120
119 134
119 155
119 171
119 195
120 121
121 122
121 176
122 123
122 156
122 189
123 124
123 137
124 125
124 154
125 126
125 159
125 184
125 192
125 197
126 127
126 184
126 192
126 197
127 128
127 189
128 129
129 130
129 144
129 150
129 169
130 131
130 198
131 132
131 177
132 133
132 142
132 143
132 147
132 152
132 164
132 167
133 134
133 163
134 135
134 171
134 188
135 136
136 137
137 138
137 166
138 139
138 144
139 140
140 141
140 174
141 142
141 148
141 168
141 173
141 178
141 182
141 187
142 143
142 147
142 152
142 164
143 144
143 147
143 152
143 164
143 167
144 145
145 146
145 181
145 185
146 147
146 161
147 148
147 152
147 164
147 167
148 149
148 168
148 173
148 178
148 182
149 150
149 184
149 197
149 200
150 151
150 199
151 152
151 157
151 195
152 153
152 164
153 154
153 162
153 191
154 155
155 156
155 185
156 157
156 189
157 158
158 159
158 165
158 193
159 160
159 180
160 161
160 186
161 162
161 180
162 163
163 164
164 165
164 167
165 166
165 178
165 187
165 196
166 167
167 168
168 169
168 173
168 182
169 170
169 179
170 171
171 172
171 188
172 173
172 190
173 174
173 178
173 182
173 187
173 196
174 175
175 176
175 177
176 177
177 178
177 186
178 179
178 182
178 187
179 180
180 181
181 182
181 185
181 195
182 183
183 184
183 198
184 185
184 192
184 197
184 200
185 186
186 187
187 188
187 196
188 189
189 190
190 191
191 192
192 193
192 197
193 194
194 195
195 196
196 197
197 198
197 200
198 199
199 200
