250 1119
1 2
1 11
1 18
1 39
1 45
1 115
1 160
1 183
1 198
1 202
1 242
1 245
1 250
2 3
2 13
2 59
2 69
2 74
2 79
2 83
2 104
2 142
2 143
2 152
2 164
2 218
3 4
3 34
3 41
3 60
3 66
3 68
3 111
3 191
3 201
3 249
4 5
4 167
4 182
4 216
4 217
4 223
4 227
5 6
5 46
5 148
5 165
5 173
5 178
6 7
6 24
6 66
6 68
6 117
6 203
7 8
7 13
7 27
7 43
7 80
7 140
7 145
7 157
7 206
7 244
8 9
8 12
8 81
8 93
8 95
8 158
8 193
8 221
9 10
9 64
9 100
9 232
10 11
10 76
10 96
10 98
10 116
10 140
10 174
10 231
11 12
11 32
11 44
11 45
11 130
11 183
11 198
11 202
11 232
11 237
12 13
12 81
12 93
12 95
12 158
12 193
12 221
13 14
13 27
13 43
13 59
13 74
13 80
13 104
13 142
13 145
13 152
14 15
14 30
14 229
14 241
14 248
15 16
15 58
15 67
15 82
15 138
15 144
15 211
15 212
15 222
15 246
16 17
16 41
16 117
16 153
16 191
16 203
17 18
17 20
17 53
17 105
17 121
17 226
18 19
18 37
18 39
18 51
18 73
18 160
18 186
18 214
18 242
18 250
19 20
19 61
19 91
19 153
19 162
19 240
20 21
20 71
20 99
20 105
20 224
20 226
21 22
21 26
21 47
21 112
21 119
21 155
21 171
21 175
21 209
22 23
22 25
22 78
22 107
22 125
22 159
22 180
22 204
22 240
23 24
23 44
23 130
23 166
23 237
23 241
24 25
24 65
24 66
24 68
24 117
24 120
24 235
25 26
25 75
25 78
25 107
25 125
25 149
25 159
25 180
25 197
25 208
26 27
26 133
26 134
26 171
26 175
26 210
27 28
27 43
27 80
27 84
27 145
27 151
27 157
27 206
27 244
28 29
28 40
28 53
28 114
28 118
28 154
28 176
28 243
29 30
29 39
29 44
29 45
29 83
29 128
29 183
29 237
29 241
29 245
29 248
30 31
30 69
30 83
30 128
30 248
31 32
31 76
31 96
31 116
31 129
31 150
31 222
32 33
32 100
32 130
32 137
32 166
32 232
33 34
33 40
33 54
33 70
33 114
33 124
33 154
33 230
34 35
34 60
34 72
34 111
34 136
34 201
34 249
35 36
35 49
35 92
35 102
35 187
35 196
35 199
35 207
35 219
36 37
36 77
36 223
37 38
37 39
37 51
37 155
37 160
37 185
37 214
37 245
37 250
38 39
38 62
38 127
38 207
39 40
39 45
39 183
39 214
39 245
40 41
40 53
40 54
40 114
40 118
40 154
40 176
40 230
41 42
41 66
41 68
41 117
41 153
41 191
41 203
42 43
42 129
42 169
42 179
42 205
42 234
42 239
43 44
43 80
43 140
43 145
43 206
43 238
44 45
44 130
44 183
44 198
44 237
44 241
45 46
45 183
45 198
45 202
45 237
45 245
46 47
46 141
46 148
46 165
46 173
46 178
46 182
46 187
47 48
47 108
47 112
47 119
47 134
47 155
47 185
47 195
47 209
48 49
48 109
48 120
48 146
48 161
48 236
49 50
49 92
49 102
49 187
49 196
49 199
49 207
49 219
50 51
50 56
50 88
50 89
50 101
50 149
50 184
50 200
50 247
51 52
51 112
51 155
51 185
51 214
51 250
52 53
52 57
52 73
52 85
52 115
52 172
53 54
53 118
53 121
53 176
53 243
54 55
54 114
54 154
54 230
55 56
55 127
55 156
55 189
55 228
55 246
56 57
56 75
56 88
56 89
56 107
56 126
56 149
56 184
56 192
56 197
56 200
56 208
56 247
57 58
57 85
57 172
57 190
58 59
58 67
58 82
58 138
58 144
58 211
58 222
58 233
59 60
59 74
59 80
59 145
59 181
59 185
60 61
60 111
60 201
60 249
61 62
61 91
61 162
61 204
61 240
62 63
62 93
63 64
63 110
63 133
63 210
64 65
64 100
64 123
65 66
65 87
65 90
65 188
65 215
65 235
66 67
66 68
66 117
66 235
67 68
67 122
67 138
67 211
67 212
67 246
68 69
68 117
68 235
69 70
69 79
69 83
69 103
69 128
69 143
69 164
69 218
69 220
69 248
70 71
70 72
70 106
70 124
71 72
71 99
71 105
71 131
71 224
72 73
72 106
72 111
72 124
72 136
72 225
73 74
73 160
73 186
73 242
73 250
74 75
74 80
74 145
74 181
74 185
75 76
75 89
75 101
75 107
75 125
75 149
75 180
75 184
75 197
75 200
75 208
76 77
76 96
76 116
76 129
76 150
76 169
77 78
77 97
77 135
77 220
78 79
78 107
78 125
78 159
78 204
78 240
79 80
79 83
79 103
79 104
79 128
79 142
79 143
79 164
79 218
79 220
79 248
80 81
80 84
80 145
80 157
80 181
81 82
81 93
81 95
81 158
81 193
81 221
82 83
82 138
82 144
82 211
82 222
82 233
83 84
83 128
83 218
83 248
84 85
84 108
84 145
84 151
84 157
84 181
84 185
84 195
85 86
85 172
86 87
86 88
86 101
86 113
86 194
87 88
87 90
87 151
87 215
87 235
87 239
87 244
88 89
88 101
88 149
88 200
88 247
89 90
89 101
89 149
89 200
90 91
90 170
90 215
90 234
90 235
90 239
91 92
91 153
91 162
91 240
92 93
92 102
92 187
92 196
92 199
92 207
92 219
93 94
93 95
93 193
93 221
94 95
94 99
94 131
94 172
94 190
94 224
95 96
95 193
95 221
96 97
96 116
96 129
96 150
96 174
96 231
97 98
97 103
97 135
97 220
98 99
98 141
98 168
98 174
98 199
98 213
98 219
98 231
98 238
99 100
99 105
99 131
99 224
100 101
100 123
100 232
101 102
101 149
101 200
102 103
102 165
102 187
102 196
103 104
103 142
103 143
103 164
103 167
103 218
103 220
103 227
104 105
104 132
104 142
104 143
104 147
104 152
104 164
104 218
104 227
105 106
105 226
106 107
106 136
106 225
107 108
107 125
107 149
107 159
107 180
107 184
107 192
107 197
107 200
107 208
108 109
108 112
108 119
108 134
108 151
108 195
108 215
109 110
109 120
109 146
109 161
109 180
109 203
110 111
110 124
110 133
110 163
110 243
111 112
111 136
111 201
111 225
112 113
112 119
112 155
112 181
112 185
112 195
113 114
113 194
114 115
114 118
114 154
114 230
115 116
115 198
115 202
115 242
116 117
116 129
116 150
116 174
116 231
117 118
117 203
118 119
118 154
118 176
118 243
119 120
119 134
119 155
119 171
119 195
119 215
120 121
120 203
121 122
121 176
121 226
122 123
122 156
122 189
122 212
122 246
123 124
123 137
124 125
124 154
125 126
125 159
125 184
125 192
125 197
125 208
126 127
126 184
126 192
126 197
126 208
127 128
127 189
127 228
128 129
128 218
128 248
129 130
129 144
129 150
129 169
129 222
129 233
130 131
130 198
130 232
130 237
131 132
131 177
131 224
132 133
132 142
132 143
132 147
132 152
132 164
132 167
132 216
132 227
132 238
133 134
133 163
133 210
134 135
134 171
134 188
134 210
135 136
135 220
135 229
136 137
136 225
137 138
137 166
138 139
138 144
138 211
138 222
138 233
138 246
139 140
139 225
140 141
140 174
140 206
140 231
140 238
141 142
141 148
141 168
141 173
141 178
141 182
141 187
141 213
141 217
142 143
142 147
142 152
142 164
142 218
143 144
143 147
143 152
143 164
143 167
143 218
143 227
144 145
144 222
144 233
145 146
145 181
145 185
146 147
146 161
146 236
147 148
147 152
147 164
147 167
147 216
147 227
147 238
148 149
148 168
148 173
148 178
148 182
148 217
149 150
149 184
149 197
149 200
149 208
150 151
150 199
150 219
151 152
151 157
151 195
151 215
151 239
151 244
152 153
152 164
152 216
152 227
152 238
153 154
153 162
153 191
154 155
154 230
155 156
155 185
155 209
156 157
156 189
156 212
156 228
156 246
157 158
157 206
157 234
157 239
157 244
158 159
158 165
158 193
158 221
159 160
159 180
159 204
159 240
160 161
160 186
160 242
160 250
161 162
161 180
162 163
163 164
163 243
164 165
164 167
164 218
164 227
165 166
165 178
165 187
165 196
166 167
166 241
167 168
167 216
167 217
167 223
167 227
168 169
168 173
168 182
168 213
168 216
168 217
169 170
169 179
169 205
169 234
170 171
170 205
170 234
171 172
171 188
171 210
172 173
172 190
173 174
173 178
173 182
173 187
173 196
174 175
174 213
174 231
174 238
175 176
175 177
175 209
176 177
176 243
177 178
177 186
178 179
178 182
178 187
179 180
179 205
179 234
180 181
181 182
181 185
181 195
182 183
182 216
182 217
183 184
183 198
183 202
183 214
183 237
183 245
184 185
184 192
184 197
184 200
184 208
184 247
185 186
186 187
186 209
186 242
186 250
187 188
187 196
187 207
188 189
188 215
188 235
189 190
189 212
189 228
189 246
190 191
191 192
191 201
192 193
192 197
192 208
193 194
193 221
194 195
195 196
195 215
196 197
196 207
197 198
197 200
197 208
198 199
198 202
198 237
199 200
199 207
199 219
200 201
200 208
200 247
201 202
201 249
202 203
202 242
202 250
203 204
204 205
204 240
205 206
205 234
205 239
206 207
206 239
206 244
207 208
207 219
208 209
209 210
210 211
211 212
212 213
212 228
212 246
213 214
213 216
213 231
213 238
214 215
214 245
214 250
215 216
215 235
216 217
216 227
217 218
217 223
217 227
218 219
219 220
220 221
220 248
221 222
222 223
222 233
223 224
224 225
225 226
226 227
227 228
228 229
228 246
229 230
230 231
231 232
231 238
232 233
233 234
234 235
234 239
234 244
235 236
236 237
237 238
237 241
238 239
239 240
239 244
240 241
241 242
242 243
242 250
243 244
244 245
245 246
246 247
247 248
248 249
249 250
