300 1849
1 2
1 11
1 18
1 39
1 44
1 45
1 115
1 160
1 183
1 198
1 202
1 237
1 242
1 245
1 250
1 300
2 3
2 13
2 59
2 69
2 74
2 79
2 83
2 104
2 132
2 142
2 143
2 147
2 152
2 164
2 218
2 272
2 286
3 4
3 16
3 34
3 41
3 60
3 66
3 68
3 111
3 117
3 191
3 201
3 249
3 282
3 295
4 5
4 36
4 103
4 132
4 147
4 148
4 167
4 168
4 182
4 216
4 217
4 223
4 227
4 281
5 6
5 46
5 148
5 165
5 173
5 178
5 263
5 276
6 7
6 16
6 24
6 41
6 66
6 68
6 117
6 120
6 203
6 235
7 8
7 13
7 27
7 43
7 59
7 80
7 84
7 140
7 145
7 151
7 157
7 206
7 239
7 244
7 252
7 271
7 272
8 9
8 12
8 81
8 93
8 95
8 158
8 193
8 221
8 251
8 265
9 10
9 32
9 64
9 100
9 232
9 277
10 11
10 31
10 76
10 96
10 98
10 116
10 140
10 174
10 199
10 213
10 219
10 231
10 238
10 255
10 267
10 284
11 12
11 23
11 32
11 44
11 45
11 130
11 183
11 198
11 202
11 232
11 237
12 13
12 81
12 93
12 95
12 158
12 193
12 221
12 251
12 265
13 14
13 27
13 43
13 59
13 74
13 80
13 104
13 142
13 145
13 152
13 181
13 271
13 272
13 286
14 15
14 30
14 97
14 128
14 135
14 220
14 229
14 241
14 248
14 291
15 16
15 58
15 67
15 82
15 122
15 138
15 144
15 211
15 212
15 222
15 233
15 246
15 261
16 17
16 41
16 66
16 68
16 117
16 153
16 191
16 203
16 295
17 18
17 20
17 53
17 105
17 121
17 226
18 19
18 37
18 39
18 51
18 73
18 155
18 160
18 186
18 202
18 214
18 242
18 245
18 250
18 257
18 260
18 262
19 20
19 61
19 91
19 153
19 162
19 204
19 240
20 21
20 71
20 99
20 105
20 121
20 224
20 226
20 268
20 279
21 22
21 26
21 47
21 112
21 119
21 134
21 155
21 171
21 175
21 209
21 257
21 297
22 23
22 25
22 75
22 78
22 107
22 125
22 159
22 180
22 204
22 240
23 24
23 29
23 32
23 44
23 130
23 166
23 237
23 241
24 25
24 65
24 66
24 68
24 90
24 117
24 120
24 170
24 235
24 287
24 300
25 26
25 75
25 78
25 89
25 107
25 125
25 149
25 159
25 180
25 192
25 197
25 200
25 208
26 27
26 133
26 134
26 171
26 175
26 210
27 28
27 43
27 59
27 74
27 80
27 84
27 145
27 151
27 157
27 181
27 206
27 239
27 244
27 252
27 256
27 271
27 272
27 286
28 29
28 40
28 53
28 110
28 114
28 118
28 154
28 163
28 176
28 243
28 266
28 278
28 293
29 30
29 39
29 44
29 45
29 83
29 128
29 183
29 198
29 237
29 241
29 245
29 248
29 291
30 31
30 45
30 69
30 83
30 128
30 218
30 248
30 291
31 32
31 76
31 96
31 116
31 129
31 150
31 222
31 270
32 33
32 44
32 100
32 123
32 130
32 137
32 166
32 232
32 258
32 277
33 34
33 40
33 54
33 70
33 114
33 124
33 154
33 230
33 264
33 278
33 293
33 294
34 35
34 60
34 72
34 111
34 136
34 201
34 249
34 282
34 283
35 36
35 49
35 92
35 102
35 187
35 196
35 199
35 207
35 219
35 255
35 267
36 37
36 77
36 167
36 223
37 38
37 39
37 51
37 155
37 160
37 185
37 214
37 242
37 245
37 250
37 257
37 260
37 262
38 39
38 62
38 92
38 127
38 207
38 265
39 40
39 45
39 51
39 183
39 214
39 245
39 250
39 260
39 262
40 41
40 53
40 54
40 114
40 118
40 154
40 176
40 230
40 266
40 275
40 278
40 293
41 42
41 66
41 68
41 117
41 153
41 191
41 201
41 203
41 295
42 43
42 76
42 129
42 169
42 179
42 205
42 234
42 239
42 270
42 296
43 44
43 59
43 74
43 80
43 140
43 145
43 152
43 157
43 206
43 238
43 271
43 272
43 286
44 45
44 130
44 183
44 198
44 202
44 237
44 241
45 46
45 130
45 183
45 198
45 202
45 214
45 237
45 245
46 47
46 141
46 148
46 165
46 173
46 178
46 182
46 187
46 196
46 263
46 276
46 281
47 48
47 51
47 108
47 112
47 119
47 134
47 155
47 171
47 185
47 195
47 209
47 256
47 257
47 297
48 49
48 109
48 120
48 146
48 161
48 236
48 298
49 50
49 92
49 102
49 187
49 196
49 199
49 207
49 219
49 255
49 267
49 284
50 51
50 56
50 88
50 89
50 101
50 149
50 184
50 200
50 208
50 247
50 253
50 254
50 269
50 273
51 52
51 112
51 155
51 160
51 181
51 185
51 214
51 250
51 257
51 260
51 262
52 53
52 57
52 73
52 85
52 115
52 172
52 242
52 259
52 280
52 292
53 54
53 118
53 121
53 176
53 243
53 266
53 278
54 55
54 114
54 154
54 230
54 266
54 275
54 278
54 293
54 294
55 56
55 127
55 156
55 189
55 212
55 228
55 246
55 261
56 57
56 75
56 88
56 89
56 101
56 107
56 125
56 126
56 149
56 184
56 192
56 197
56 200
56 208
56 247
56 254
56 269
56 273
57 58
57 85
57 94
57 172
57 190
57 259
57 280
57 292
58 59
58 67
58 82
58 138
58 144
58 211
58 222
58 233
58 270
59 60
59 74
59 80
59 84
59 145
59 181
59 185
59 262
59 271
59 272
59 286
60 61
60 63
60 111
60 201
60 249
60 282
61 62
61 91
61 162
61 204
61 240
62 63
62 93
62 251
62 265
63 64
63 110
63 133
63 210
63 249
64 65
64 100
64 123
64 258
64 277
65 66
65 68
65 87
65 90
65 188
65 215
65 235
65 274
65 287
65 300
66 67
66 68
66 117
66 235
66 300
67 68
67 82
67 122
67 138
67 144
67 211
67 212
67 222
67 246
67 261
68 69
68 117
68 203
68 235
69 70
69 79
69 83
69 103
69 128
69 143
69 164
69 218
69 220
69 248
69 291
70 71
70 72
70 106
70 124
70 264
71 72
71 99
71 105
71 131
71 224
71 268
71 279
71 290
72 73
72 106
72 111
72 124
72 136
72 225
72 264
72 282
72 283
73 74
73 160
73 172
73 177
73 186
73 242
73 250
73 280
74 75
74 80
74 145
74 181
74 185
74 262
74 271
74 272
74 286
75 76
75 89
75 101
75 107
75 125
75 149
75 180
75 184
75 197
75 200
75 208
75 254
75 269
76 77
76 96
76 116
76 129
76 150
76 169
76 222
76 270
77 78
77 97
77 135
77 220
78 79
78 107
78 125
78 159
78 204
78 240
79 80
79 83
79 103
79 104
79 128
79 142
79 143
79 164
79 218
79 220
79 248
79 291
80 81
80 84
80 145
80 157
80 181
80 206
80 244
80 252
80 256
80 271
80 272
80 286
81 82
81 93
81 95
81 158
81 193
81 221
81 251
81 265
82 83
82 129
82 138
82 144
82 211
82 222
82 233
82 270
83 84
83 128
83 143
83 218
83 245
83 248
83 291
84 85
84 108
84 112
84 145
84 151
84 157
84 181
84 185
84 195
84 244
84 252
84 256
84 297
85 86
85 115
85 172
85 259
85 280
85 292
86 87
86 88
86 101
86 113
86 194
86 253
86 269
86 285
86 289
86 299
87 88
87 90
87 108
87 151
87 157
87 170
87 195
87 215
87 234
87 235
87 239
87 244
87 252
87 274
87 287
87 300
88 89
88 101
88 149
88 184
88 200
88 247
88 253
88 254
88 269
88 273
88 285
88 299
89 90
89 101
89 149
89 200
89 254
89 269
89 285
89 289
90 91
90 151
90 170
90 205
90 215
90 234
90 235
90 239
90 274
90 287
90 300
91 92
91 153
91 162
91 240
92 93
92 102
92 187
92 196
92 199
92 207
92 219
92 255
92 267
93 94
93 95
93 193
93 221
93 251
93 265
94 95
94 99
94 131
94 172
94 177
94 190
94 224
94 280
94 290
95 96
95 158
95 193
95 221
95 251
95 265
96 97
96 116
96 129
96 140
96 150
96 169
96 174
96 199
96 219
96 231
96 255
96 270
97 98
97 103
97 135
97 220
97 229
97 248
97 291
98 99
98 141
98 168
98 174
98 199
98 213
98 219
98 231
98 238
98 255
98 267
98 284
99 100
99 105
99 131
99 224
99 268
99 279
99 290
100 101
100 123
100 232
100 258
100 277
101 102
101 149
101 200
101 254
101 269
101 285
101 289
101 299
102 103
102 165
102 178
102 187
102 196
102 207
102 265
102 276
103 104
103 128
103 142
103 143
103 164
103 167
103 218
103 220
103 227
103 248
103 291
104 105
104 132
104 142
104 143
104 147
104 152
104 164
104 216
104 218
104 227
104 272
104 286
105 106
105 121
105 224
105 226
106 107
106 136
106 225
106 283
107 108
107 125
107 126
107 149
107 159
107 180
107 184
107 192
107 197
107 200
107 208
108 109
108 112
108 119
108 134
108 151
108 195
108 215
108 252
108 256
108 297
109 110
109 120
109 146
109 161
109 180
109 203
109 298
110 111
110 124
110 133
110 163
110 243
111 112
111 136
111 201
111 225
111 249
111 282
111 283
111 295
112 113
112 119
112 155
112 181
112 185
112 195
112 209
112 256
112 257
112 262
112 297
113 114
113 194
113 253
113 285
113 299
114 115
114 118
114 154
114 230
114 264
114 266
114 275
114 278
114 293
114 294
115 116
115 198
115 202
115 242
115 259
115 292
116 117
116 129
116 150
116 174
116 199
116 219
116 231
116 255
116 270
117 118
117 191
117 203
118 119
118 154
118 163
118 176
118 243
118 266
118 278
118 293
119 120
119 134
119 155
119 171
119 195
119 215
119 256
119 297
120 121
120 170
120 203
120 236
120 298
121 122
121 176
121 226
121 266
122 123
122 156
122 189
122 212
122 228
122 246
122 261
123 124
123 137
123 258
123 277
124 125
124 154
124 243
124 264
124 278
125 126
125 149
125 159
125 184
125 192
125 197
125 200
125 204
125 208
125 288
126 127
126 184
126 192
126 197
126 208
126 288
127 128
127 189
127 207
127 228
128 129
128 143
128 218
128 220
128 248
128 291
129 130
129 138
129 144
129 150
129 169
129 222
129 233
129 270
130 131
130 166
130 183
130 198
130 232
130 237
131 132
131 175
131 177
131 224
131 268
131 279
131 290
132 133
132 142
132 143
132 147
132 152
132 164
132 167
132 216
132 227
132 238
132 272
133 134
133 163
133 210
134 135
134 171
134 188
134 210
134 215
134 297
135 136
135 220
135 229
136 137
136 139
136 201
136 225
136 282
136 283
136 295
137 138
137 166
137 258
138 139
138 144
138 211
138 212
138 222
138 233
138 246
138 270
139 140
139 225
140 141
140 174
140 206
140 231
140 238
140 271
141 142
141 148
141 168
141 173
141 178
141 182
141 187
141 196
141 213
141 216
141 217
141 263
141 267
141 281
141 284
142 143
142 147
142 152
142 164
142 216
142 218
142 227
142 272
142 286
143 144
143 147
143 152
143 164
143 167
143 218
143 220
143 227
143 291
144 145
144 211
144 222
144 233
144 270
145 146
145 151
145 181
145 185
145 252
145 256
145 262
145 271
145 286
146 147
146 161
146 236
146 289
146 298
147 148
147 152
147 164
147 167
147 216
147 227
147 238
147 272
148 149
148 168
148 173
148 178
148 182
148 217
148 263
148 276
148 281
149 150
149 184
149 197
149 200
149 208
149 247
149 254
149 269
150 151
150 199
150 219
150 255
150 270
151 152
151 157
151 195
151 215
151 239
151 244
151 252
151 256
151 274
152 153
152 164
152 216
152 218
152 227
152 238
152 271
152 272
153 154
153 162
153 191
153 240
153 295
154 155
154 176
154 230
154 264
154 266
154 275
154 278
154 293
154 294
155 156
155 185
155 209
155 257
155 262
155 297
156 157
156 189
156 212
156 228
156 246
156 261
157 158
157 206
157 234
157 239
157 244
157 252
157 271
158 159
158 165
158 193
158 221
158 251
158 265
159 160
159 180
159 204
159 240
160 161
160 186
160 202
160 242
160 250
160 257
161 162
161 180
161 298
162 163
163 164
163 176
163 243
164 165
164 167
164 216
164 218
164 227
165 166
165 173
165 178
165 187
165 196
165 276
166 167
166 241
166 258
167 168
167 182
167 216
167 217
167 223
167 227
167 281
168 169
168 173
168 182
168 213
168 216
168 217
168 227
168 263
168 267
168 281
168 284
169 170
169 179
169 205
169 234
169 270
169 296
170 171
170 179
170 205
170 234
170 236
170 274
170 287
170 296
171 172
171 188
171 210
171 297
172 173
172 177
172 190
172 259
172 280
172 290
173 174
173 178
173 182
173 187
173 196
173 263
173 276
173 281
174 175
174 206
174 213
174 231
174 238
174 255
174 284
175 176
175 177
175 186
175 209
175 268
176 177
176 243
176 266
176 278
177 178
177 186
177 209
177 224
177 290
178 179
178 182
178 187
178 196
178 263
178 276
179 180
179 205
179 234
179 239
179 296
180 181
181 182
181 185
181 195
181 252
181 256
181 262
181 286
181 297
182 183
182 216
182 217
182 223
182 227
182 263
182 281
183 184
183 198
183 202
183 214
183 237
183 245
184 185
184 192
184 197
184 200
184 208
184 247
184 254
184 273
185 186
185 256
185 257
185 260
185 262
185 286
185 297
186 187
186 209
186 242
186 250
186 257
187 188
187 196
187 199
187 207
187 263
187 267
187 276
188 189
188 215
188 235
188 300
189 190
189 212
189 228
189 246
189 261
190 191
190 280
190 290
191 192
191 201
191 203
191 295
192 193
192 197
192 208
192 288
193 194
193 221
193 251
193 265
194 195
194 253
194 285
194 299
195 196
195 215
195 252
195 256
195 297
196 197
196 199
196 207
196 219
196 267
197 198
197 200
197 208
197 254
197 288
198 199
198 202
198 237
199 200
199 207
199 213
199 219
199 255
199 267
199 284
200 201
200 208
200 247
200 254
200 269
200 273
201 202
201 249
201 282
201 283
201 295
202 203
202 242
202 245
202 250
203 204
204 205
204 240
205 206
205 234
205 239
205 296
206 207
206 234
206 239
206 244
206 271
207 208
207 219
207 255
207 267
208 209
208 254
208 288
209 210
209 257
210 211
211 212
212 213
212 228
212 246
212 261
213 214
213 216
213 231
213 238
213 255
213 267
213 284
214 215
214 245
214 250
214 257
214 260
214 262
215 216
215 235
215 252
215 256
215 274
215 287
215 297
215 300
216 217
216 227
216 281
217 218
217 223
217 227
217 263
217 281
218 219
218 220
218 248
218 291
219 220
219 255
219 267
219 284
220 221
220 248
220 291
221 222
221 251
221 265
222 223
222 233
222 246
222 270
223 224
223 227
223 281
224 225
224 268
224 279
224 290
225 226
225 283
226 227
227 228
227 281
228 229
228 246
228 261
229 230
230 231
230 264
230 275
230 278
230 293
230 294
231 232
231 238
231 255
231 267
231 284
232 233
232 277
232 292
233 234
233 270
234 235
234 239
234 244
234 274
234 296
235 236
235 274
235 287
235 300
236 237
236 296
236 298
237 238
237 241
238 239
238 271
238 272
238 284
239 240
239 244
239 252
239 274
239 296
240 241
241 242
242 243
242 250
243 244
243 278
244 245
244 252
245 246
245 260
246 247
246 261
247 248
247 253
247 254
247 269
247 273
248 249
248 291
249 250
249 282
250 251
250 257
251 252
251 265
252 253
252 256
252 297
253 254
253 269
253 273
253 285
253 299
254 255
254 269
254 273
255 256
255 267
255 284
256 257
256 297
257 258
257 260
257 262
258 259
258 277
259 260
259 280
259 292
260 261
260 262
261 262
262 263
262 286
263 264
263 276
263 281
264 265
264 278
264 294
265 266
266 267
266 275
266 278
266 293
267 268
267 284
268 269
268 279
268 290
269 270
269 285
269 299
270 271
271 272
271 286
272 273
272 286
273 274
274 275
274 287
274 300
275 276
275 293
276 277
277 278
278 279
278 293
279 280
279 290
280 281
281 282
282 283
283 284
284 285
285 286
285 289
285 299
286 287
287 288
287 300
288 289
289 290
289 299
290 291
291 292
292 293
293 294
294 295
295 296
296 297
297 298
298 299
299 300
