350 1555
1 2
1 115
1 183
1 198
1 202
1 242
1 350
2 3
2 13
2 74
2 79
2 104
2 142
2 143
2 152
2 164
2 218
2 286
2 344
3 4
3 41
3 60
3 201
3 249
3 295
4 5
4 167
4 182
4 216
4 217
4 223
4 227
4 281
5 6
5 46
5 165
5 173
5 178
5 263
5 276
5 323
5 328
6 7
6 24
6 66
6 68
6 117
6 303
7 8
7 27
7 43
7 80
7 145
7 157
7 206
7 244
7 271
8 9
8 12
8 81
8 93
8 95
8 193
8 221
8 251
8 305
9 10
9 100
9 232
9 277
10 11
10 96
10 116
10 140
10 174
10 231
10 255
10 313
11 12
11 44
11 130
11 198
11 237
12 13
12 81
12 93
12 95
12 193
12 221
12 251
12 305
13 14
13 43
13 59
13 74
13 80
13 145
13 271
13 272
13 286
13 344
14 15
14 30
14 229
14 248
14 291
14 350
15 16
15 67
15 82
15 138
15 212
15 222
15 246
15 261
15 325
16 17
16 41
16 117
16 191
16 203
17 18
17 20
17 105
17 121
17 226
18 19
18 37
18 51
18 73
18 160
18 214
18 242
18 250
18 257
18 318
18 320
19 20
19 61
19 91
19 162
19 240
19 335
19 345
20 21
20 71
20 99
20 105
20 226
20 330
21 22
21 47
21 112
21 119
21 155
21 209
21 319
22 23
22 25
22 78
22 107
22 159
22 180
22 204
22 240
22 308
22 333
23 24
23 44
23 166
23 237
23 241
23 324
24 25
24 65
24 66
24 68
24 117
24 235
25 26
25 75
25 107
25 125
25 159
25 180
25 197
25 333
26 27
26 134
26 171
26 210
26 307
26 319
26 347
27 28
27 43
27 80
27 84
27 145
27 157
27 206
27 244
27 271
28 29
28 40
28 53
28 118
28 154
28 176
28 243
28 266
28 278
29 30
29 44
29 45
29 237
29 245
30 31
30 69
30 83
30 128
30 248
30 291
31 32
31 76
31 96
31 116
31 129
31 150
31 270
31 309
32 33
32 100
32 130
32 166
32 258
32 277
33 34
33 40
33 54
33 114
33 154
33 230
33 264
33 278
33 294
33 314
34 35
34 60
34 72
34 111
34 136
34 201
34 249
34 282
34 283
34 315
34 321
35 36
35 49
35 92
35 102
35 187
35 196
35 199
35 207
35 219
35 316
36 37
36 223
37 38
37 39
37 51
37 160
37 214
37 250
37 257
37 260
37 262
37 318
37 320
38 39
38 62
38 127
38 322
38 346
39 40
39 45
39 183
39 214
39 245
39 260
39 318
39 320
40 41
40 54
40 114
40 118
40 154
40 230
40 266
40 275
40 278
40 293
40 302
41 42
41 117
41 191
41 295
42 43
42 169
42 179
42 205
42 234
42 296
42 306
43 44
43 80
43 206
43 271
43 272
44 45
44 130
44 183
44 198
44 237
45 46
45 183
45 198
45 237
45 245
46 47
46 141
46 148
46 173
46 178
46 182
46 263
46 276
46 328
46 329
47 48
47 112
47 119
47 155
47 297
47 319
48 49
48 109
48 120
48 146
48 161
48 236
48 298
49 50
49 92
49 187
49 196
49 199
49 207
49 219
49 267
49 316
50 51
50 56
50 88
50 149
50 184
50 200
50 247
50 254
50 269
50 273
50 301
50 342
51 52
51 112
51 155
51 185
51 214
51 257
51 260
51 262
51 318
51 320
52 53
52 57
52 85
52 172
52 280
52 311
53 54
53 118
53 121
53 176
53 266
54 55
54 114
54 154
54 230
54 275
54 293
55 56
55 127
55 189
55 228
55 261
55 326
56 57
56 75
56 88
56 149
56 184
56 197
56 200
56 208
56 247
56 254
56 269
56 339
56 342
57 58
57 85
57 172
57 280
57 311
58 59
58 82
58 138
58 144
58 211
58 222
58 233
58 310
58 327
59 60
59 74
59 80
59 145
59 181
59 286
59 344
60 61
60 201
60 249
60 282
61 62
61 91
61 240
61 335
61 345
62 63
62 93
62 265
62 322
62 346
63 64
64 65
64 100
64 123
64 258
64 277
65 66
65 188
65 215
65 235
65 274
65 287
65 300
66 67
66 68
66 117
67 68
67 138
67 211
67 212
67 246
67 325
68 69
68 117
69 70
69 79
69 83
69 103
69 128
69 143
69 218
69 220
69 248
69 291
70 71
70 72
70 124
70 264
70 314
70 315
70 343
71 72
71 99
71 105
71 131
71 224
71 268
71 279
71 330
72 73
72 124
72 282
72 283
72 315
72 343
73 74
73 160
73 186
73 242
73 250
73 337
74 75
74 80
74 145
74 181
74 286
74 344
75 76
75 89
75 107
75 125
75 149
75 180
75 197
75 200
75 342
76 77
76 96
76 116
76 129
76 150
76 169
76 270
76 306
76 309
77 78
77 97
77 135
77 220
78 79
78 125
78 159
78 204
78 240
78 308
78 335
79 80
79 83
79 103
79 104
79 128
79 142
79 143
79 164
79 218
79 220
79 291
80 81
80 84
80 145
80 181
80 271
80 286
81 82
81 93
81 95
81 158
81 193
81 221
81 251
81 265
81 305
82 83
82 138
82 144
82 222
82 233
82 270
82 310
82 327
83 84
83 128
83 218
83 248
83 291
84 85
84 108
84 145
84 151
84 181
84 195
84 252
84 256
85 86
85 259
85 292
85 311
86 87
86 101
86 113
86 194
86 253
86 285
86 299
86 331
86 348
87 88
87 90
87 151
87 215
87 274
87 287
87 334
88 89
88 101
88 149
88 200
88 247
88 253
88 254
88 269
88 273
88 301
88 342
89 90
89 101
89 149
89 200
89 269
89 301
89 342
90 91
90 170
90 274
90 287
90 334
91 92
91 162
91 240
91 335
91 345
92 93
92 187
92 196
92 199
92 207
92 219
92 316
92 346
93 94
93 95
93 193
93 221
93 251
93 265
93 305
94 95
94 131
94 190
94 290
95 96
95 193
95 221
95 251
95 305
96 97
96 116
96 150
96 174
96 231
96 255
96 309
96 313
97 98
97 135
97 220
98 99
98 168
98 213
98 231
98 255
98 267
98 284
98 340
99 100
99 105
99 131
99 224
100 101
100 232
100 277
101 102
101 149
101 200
101 269
101 285
101 299
101 301
101 342
102 103
102 165
102 187
102 196
102 322
103 104
103 143
103 164
103 167
103 218
103 220
104 105
104 132
104 142
104 143
104 147
104 152
104 164
104 218
104 272
104 344
105 106
105 226
105 330
106 107
106 225
106 343
107 108
107 125
107 149
107 192
107 197
107 208
108 109
108 119
108 151
108 195
108 215
108 252
108 256
108 297
109 110
109 120
109 146
109 161
109 298
109 332
110 111
110 163
110 243
110 312
111 112
111 136
111 201
111 225
111 282
111 283
111 321
112 113
112 119
112 155
112 185
112 257
112 262
112 297
113 114
113 194
113 285
113 299
113 331
113 348
114 115
114 154
114 230
114 278
114 293
115 116
115 202
115 292
115 336
116 117
116 129
116 150
116 255
116 309
117 118
117 203
117 303
118 119
118 154
118 176
118 243
118 266
118 278
119 120
119 134
119 171
119 195
119 297
120 121
120 298
120 303
121 122
121 226
122 123
122 156
122 212
122 246
122 261
122 325
123 124
123 258
123 277
124 125
124 264
124 312
124 315
125 126
125 192
125 197
125 208
125 308
126 127
126 184
126 192
126 197
126 208
126 288
126 339
127 128
127 189
127 228
127 346
128 129
128 218
128 248
128 291
129 130
129 169
129 233
129 270
129 306
129 310
129 327
130 131
130 198
130 232
130 237
131 132
131 224
131 268
131 279
131 290
132 133
132 142
132 147
132 152
132 164
132 216
132 227
132 272
132 304
132 340
133 134
133 163
133 210
133 347
134 135
134 171
134 188
134 307
134 349
135 136
135 220
135 229
136 137
136 225
136 282
136 283
136 321
137 138
137 166
137 258
137 324
138 139
138 144
138 222
138 233
138 310
138 327
139 140
140 141
140 174
140 206
140 231
140 238
140 313
141 142
141 148
141 168
141 173
141 182
141 263
141 281
141 284
141 316
141 328
142 143
142 147
142 152
142 164
142 218
142 272
142 344
143 144
143 152
143 164
143 218
144 145
144 222
144 233
144 270
144 306
144 310
144 327
145 146
145 181
145 256
145 271
145 286
146 147
146 161
146 236
146 298
146 332
147 148
147 152
147 164
147 216
147 227
147 272
147 304
147 340
148 149
148 168
148 173
148 178
148 182
148 217
148 263
148 281
148 328
148 329
149 150
149 197
149 200
149 254
149 269
149 301
149 342
150 151
150 309
151 152
151 157
151 195
151 215
151 244
151 252
151 256
152 153
152 164
152 272
152 304
152 340
152 344
153 154
153 191
153 345
154 155
154 230
154 264
154 266
154 278
154 293
155 156
155 185
155 209
155 257
155 319
156 157
156 189
156 212
156 228
156 246
156 261
156 325
156 326
157 158
157 206
157 239
157 244
157 252
158 159
158 221
159 160
159 180
159 204
159 240
159 308
159 333
160 161
160 186
160 242
160 250
160 318
161 162
161 180
161 298
161 332
161 333
162 163
162 345
163 164
163 243
164 165
164 218
165 166
165 178
165 276
165 323
165 328
166 167
166 241
166 258
166 324
167 168
167 216
167 217
167 223
167 227
168 169
168 182
168 213
168 216
168 217
168 281
168 284
168 304
168 340
169 170
169 179
169 306
170 171
170 205
170 274
170 296
170 334
171 172
171 188
171 210
171 307
171 349
172 173
172 280
172 311
173 174
173 178
173 182
173 187
173 263
173 276
173 281
173 328
173 329
174 175
174 231
174 238
174 313
175 176
175 177
175 209
175 319
176 177
176 243
176 266
176 278
177 178
177 186
177 290
177 337
178 179
178 263
178 276
178 323
178 328
179 180
179 205
179 234
179 296
180 181
180 332
180 333
181 182
181 185
181 256
181 262
181 286
182 183
182 217
182 263
182 281
182 329
183 184
183 198
183 202
183 237
183 245
184 185
184 192
184 197
184 200
184 208
184 254
184 339
185 186
185 257
185 262
186 187
186 209
186 242
186 250
186 337
187 188
187 196
187 316
187 328
188 189
188 235
188 300
188 349
189 190
189 228
189 246
189 261
189 326
190 191
191 192
191 295
192 193
192 197
192 208
192 288
193 194
193 221
193 251
193 305
194 195
194 253
194 285
194 299
194 331
194 348
195 196
195 215
195 252
195 256
195 297
196 197
196 207
196 316
196 328
197 198
197 200
197 208
198 199
198 202
198 237
199 200
199 207
199 219
199 255
199 267
199 316
200 201
200 208
200 247
200 254
200 269
200 301
200 342
201 202
201 249
201 282
201 295
201 321
202 203
202 242
203 204
203 303
204 205
204 240
204 308
204 335
205 206
205 234
205 296
205 334
206 207
206 239
206 244
206 313
207 208
207 219
207 316
207 346
208 209
208 339
209 210
209 319
210 211
210 307
210 347
211 212
212 213
212 246
212 261
212 325
212 326
213 214
213 231
213 238
213 267
213 284
213 340
214 215
214 245
214 260
214 262
214 318
214 320
215 216
215 252
215 274
215 287
215 300
216 217
216 227
216 304
216 340
217 218
217 223
217 227
217 281
217 329
218 219
218 291
219 220
219 255
219 267
219 316
220 221
220 248
220 291
221 222
221 251
221 305
222 223
222 233
222 270
222 306
222 310
222 327
223 224
223 329
224 225
224 268
224 279
224 290
224 330
225 226
225 283
225 321
226 227
227 228
227 304
228 229
228 261
228 326
229 230
229 350
230 231
230 275
230 293
230 294
231 232
231 238
231 255
231 313
232 233
232 317
232 336
233 234
233 270
233 306
233 310
233 327
234 235
234 239
234 244
234 296
234 334
235 236
235 287
235 300
236 237
236 298
236 341
237 238
238 239
238 272
238 340
239 240
239 244
239 334
240 241
240 308
240 335
240 345
241 242
241 324
241 350
242 243
242 250
242 318
243 244
243 312
244 245
244 252
245 246
245 260
245 318
245 320
246 247
246 261
246 325
246 326
247 248
247 253
247 254
247 273
248 249
248 291
248 350
249 250
249 282
250 251
250 257
250 318
251 252
251 265
251 305
252 253
252 256
253 254
253 299
254 255
254 269
254 273
254 339
254 342
255 256
255 267
255 284
255 309
256 257
256 297
257 258
257 262
257 318
257 320
258 259
258 277
259 260
259 292
259 311
260 261
260 262
260 318
260 320
261 262
261 325
261 326
262 263
262 320
263 264
263 281
263 328
263 329
264 265
264 312
264 314
264 343
265 266
265 305
265 322
266 267
266 278
266 293
266 302
267 268
267 284
267 316
268 269
268 279
268 330
269 270
269 301
269 342
270 271
270 306
270 310
270 327
271 272
272 273
272 344
273 274
273 339
274 275
274 287
274 334
275 276
275 293
275 302
276 277
276 323
276 328
277 278
278 279
278 293
279 280
279 330
280 281
280 311
281 282
281 329
282 283
282 315
282 321
283 284
283 321
284 285
284 316
284 340
285 286
285 289
285 299
285 301
285 331
285 348
286 287
286 344
287 288
287 300
287 334
288 289
289 290
289 348
290 291
290 337
291 292
292 293
292 317
292 336
293 294
293 302
294 295
294 314
295 296
295 321
296 297
297 298
298 299
298 332
299 300
299 331
299 348
300 301
301 302
301 342
302 303
303 304
304 305
304 340
305 306
306 307
306 310
306 327
307 308
307 347
307 349
308 309
308 335
309 310
310 311
310 327
311 312
312 313
312 315
313 314
314 315
314 343
315 316
316 317
317 318
317 336
318 319
318 320
319 320
320 321
321 322
322 323
322 346
323 324
324 325
325 326
326 327
327 328
328 329
329 330
330 331
331 332
331 348
332 333
333 334
334 335
335 336
336 337
337 338
338 339
339 340
340 341
341 342
342 343
343 344
344 345
345 346
346 347
347 348
348 349
349 350
