400 1522
1 2
1 183
1 198
1 202
1 386
1 400
2 3
2 104
2 142
2 143
2 164
2 218
2 344
2 351
2 380
3 4
3 60
3 201
3 249
4 5
4 167
4 217
4 223
4 227
4 281
4 400
5 6
5 46
5 173
5 178
5 263
5 276
5 323
5 328
6 7
6 24
6 66
6 68
6 117
6 388
7 8
7 27
7 43
7 80
7 157
7 206
7 271
7 366
7 393
8 9
8 12
8 81
8 93
8 95
8 193
8 221
8 251
8 305
9 10
9 100
9 277
10 11
10 96
10 116
10 140
10 174
10 231
10 313
11 12
11 44
11 130
11 198
11 237
12 13
12 81
12 95
12 193
12 221
12 251
12 305
13 14
13 43
13 59
13 74
13 80
13 271
13 272
13 286
13 344
13 351
13 366
14 15
14 229
14 248
14 350
15 16
15 67
15 138
15 212
15 246
15 325
15 358
16 17
16 41
16 191
16 203
16 360
16 398
17 18
17 20
17 105
17 121
17 226
18 19
18 37
18 160
18 242
18 250
18 257
18 318
19 20
19 61
19 91
19 162
19 240
19 335
19 345
20 21
20 71
20 105
20 226
20 330
21 22
21 47
21 155
21 209
21 319
21 354
21 363
21 364
22 23
22 25
22 78
22 159
22 308
22 333
23 24
23 166
23 241
23 324
23 395
24 25
24 68
25 26
25 75
25 107
25 125
25 159
25 180
25 333
25 379
25 382
26 27
26 171
26 210
26 307
26 347
27 28
27 43
27 80
27 145
27 157
27 271
27 366
28 29
28 53
28 118
28 176
28 243
28 266
28 278
28 355
28 356
28 373
28 378
29 30
29 45
29 237
30 31
30 69
30 83
30 128
30 248
30 291
31 32
31 76
31 96
31 116
31 129
31 150
31 270
31 309
32 33
32 130
32 166
32 277
33 34
33 54
33 114
33 154
33 230
33 264
33 294
33 314
34 35
34 60
34 72
34 111
34 201
34 282
34 315
35 36
35 49
35 92
35 187
35 196
35 207
35 316
35 352
35 396
35 399
36 37
36 223
37 38
37 51
37 214
37 250
37 257
37 260
37 262
37 318
37 320
38 39
38 62
38 322
38 346
38 359
39 40
39 214
39 245
39 260
39 318
39 320
40 41
40 54
40 114
40 154
40 266
40 278
40 293
40 355
40 356
41 42
41 191
41 360
42 43
42 169
42 179
42 205
42 234
43 44
43 80
43 271
43 272
43 366
43 393
44 45
44 130
44 198
44 237
45 46
45 183
45 237
45 245
46 47
46 148
46 173
46 178
46 263
46 276
46 328
46 329
47 48
47 112
47 119
47 155
47 297
47 354
47 363
48 49
48 146
48 236
48 298
49 50
49 92
49 187
49 196
49 199
49 207
49 316
49 352
49 396
49 399
50 51
50 56
50 88
50 200
50 247
50 254
50 269
50 273
50 371
51 52
51 155
51 185
51 257
51 262
51 320
52 53
52 57
52 172
52 280
52 311
52 357
52 368
53 54
53 118
53 176
53 266
53 355
53 356
53 373
54 55
54 114
54 154
54 230
54 275
54 293
55 56
55 127
55 189
55 228
55 261
55 326
56 57
56 149
56 184
56 197
56 200
56 208
56 254
56 367
56 371
56 391
57 58
57 172
57 280
57 311
57 357
57 368
58 59
58 82
58 138
58 144
58 222
58 233
58 310
58 358
59 60
59 74
59 80
59 145
59 181
59 286
59 344
60 61
60 201
60 249
60 282
61 62
61 91
61 335
61 345
62 63
62 265
62 322
63 64
63 353
63 383
64 65
64 123
64 258
64 277
65 66
65 235
65 287
65 300
65 390
66 67
66 68
66 117
66 388
67 68
67 212
67 246
67 325
68 69
68 117
68 388
69 70
69 79
69 83
69 128
69 218
69 248
69 291
70 71
70 72
70 124
70 264
70 343
71 72
71 99
71 131
71 224
71 268
71 279
71 330
71 369
72 73
72 282
72 315
72 343
73 74
73 160
73 186
73 242
73 250
74 75
74 80
74 145
74 286
74 344
75 76
75 89
75 107
75 149
75 197
75 200
75 379
75 382
76 77
76 96
76 116
76 129
76 150
76 270
76 306
76 309
77 78
77 97
77 135
78 79
78 159
78 204
78 308
79 80
79 103
79 143
79 164
79 218
80 81
80 145
80 271
80 366
81 82
81 95
81 158
81 193
81 221
81 251
81 265
81 305
82 83
82 138
82 144
82 222
82 233
82 310
82 327
82 358
83 84
83 128
83 218
83 291
84 85
84 145
84 151
84 181
84 195
84 252
84 256
85 86
85 259
85 292
85 311
86 87
86 113
86 194
86 253
86 285
86 299
86 331
86 348
87 88
87 90
87 215
87 274
87 287
87 334
87 377
88 89
88 200
88 247
88 253
88 254
88 269
88 301
88 342
88 371
89 90
89 101
89 149
89 200
89 269
89 301
89 342
89 382
90 91
90 170
90 274
90 287
90 334
90 377
91 92
91 162
91 345
92 93
92 187
92 196
92 207
92 316
92 352
92 396
92 399
93 94
93 251
93 265
93 305
94 95
94 190
94 290
94 357
94 361
94 365
95 96
95 193
95 221
95 251
95 305
96 97
96 116
96 174
96 309
97 98
97 135
97 220
98 99
98 213
98 267
98 284
99 100
99 224
99 365
99 369
100 101
100 277
101 102
101 149
101 269
101 301
101 342
102 103
102 165
102 187
102 196
102 322
102 399
103 104
103 143
103 164
103 220
103 400
104 105
104 132
104 142
104 143
104 147
104 152
104 164
104 272
104 344
104 351
104 384
105 106
105 226
105 369
106 107
106 225
106 343
107 108
107 125
107 197
107 208
107 379
108 109
108 119
108 195
108 215
108 252
108 256
108 297
108 363
109 110
109 161
109 298
110 111
110 243
110 312
110 381
110 383
110 387
111 112
111 136
111 201
111 282
111 283
111 321
112 113
112 155
112 185
112 297
112 354
112 363
113 114
113 194
113 299
113 331
113 348
114 115
114 154
114 230
114 278
114 293
114 355
115 116
115 202
115 292
115 368
116 117
116 150
116 309
117 118
117 388
118 119
118 176
118 243
118 266
118 278
118 355
118 356
118 373
118 378
119 120
119 134
119 195
119 297
119 363
120 121
120 303
121 122
121 226
122 123
122 156
122 212
122 246
122 261
122 325
123 124
123 258
124 125
124 264
124 312
124 315
124 378
124 381
125 126
125 192
125 197
125 208
125 379
126 127
126 184
126 192
126 208
126 288
126 339
126 367
126 391
127 128
127 228
127 359
128 129
128 218
128 248
128 291
129 130
129 169
129 270
129 306
129 327
129 389
130 131
130 198
130 237
131 132
131 224
131 268
131 279
131 290
132 133
132 142
132 147
132 152
132 216
132 227
132 304
132 340
132 351
132 384
133 134
133 210
133 347
134 135
134 171
134 307
134 362
134 390
135 136
136 137
136 225
136 283
136 321
137 138
137 166
137 258
137 324
138 139
138 144
138 222
138 233
138 310
138 358
139 140
139 394
140 141
140 174
140 231
140 238
140 313
140 393
141 142
141 148
141 168
141 173
141 182
141 263
141 281
141 370
142 143
142 147
142 152
142 164
142 218
142 344
142 351
142 384
143 144
143 164
143 218
144 145
144 222
144 233
144 310
144 327
144 358
145 146
145 181
145 286
146 147
146 161
146 298
146 332
146 375
146 376
147 148
147 152
147 216
147 227
147 304
147 340
147 351
147 384
148 149
148 173
148 182
148 263
148 281
148 328
148 329
148 370
149 150
149 200
149 269
149 301
149 342
149 382
150 151
150 309
151 152
151 157
151 195
151 244
151 252
151 256
152 153
152 164
152 272
152 351
152 384
153 154
153 345
153 360
154 155
154 264
154 278
154 293
154 355
154 356
154 378
155 156
155 209
155 257
155 354
156 157
156 189
156 212
156 261
157 158
157 206
157 239
157 244
157 374
158 159
159 160
159 240
159 308
159 333
160 161
160 186
160 242
160 250
160 318
161 162
161 180
161 298
161 332
161 375
161 376
161 397
162 163
162 345
163 164
163 243
163 387
164 165
164 218
165 166
165 178
165 276
165 323
166 167
166 324
166 395
167 168
167 217
167 227
167 400
168 169
168 182
168 213
168 216
168 281
168 284
168 340
168 370
169 170
169 179
169 306
169 389
169 392
170 171
170 334
171 172
171 307
171 362
172 173
172 280
172 311
172 357
172 361
172 368
173 174
173 178
173 182
173 263
173 328
174 175
174 231
174 313
175 176
175 319
176 177
176 266
176 355
176 356
176 373
177 178
177 186
177 290
177 337
177 361
178 179
178 263
178 276
178 323
178 328
179 180
179 205
179 234
179 296
179 392
180 181
180 332
180 333
180 397
181 182
181 185
181 256
182 183
182 217
182 263
182 281
182 329
182 370
183 184
183 198
183 202
183 245
183 386
184 185
184 197
184 200
184 208
184 254
184 339
184 367
184 391
185 186
185 262
186 187
186 337
186 364
187 188
187 196
187 316
187 328
187 352
187 399
188 189
188 300
188 349
188 362
188 390
189 190
189 228
189 261
189 326
190 191
190 357
190 365
191 192
191 295
191 360
192 193
192 197
192 208
192 288
192 391
193 194
193 221
193 251
193 305
194 195
194 285
194 299
194 331
194 348
195 196
195 215
195 252
195 256
195 297
196 197
196 316
196 352
196 399
197 198
197 200
197 208
197 367
197 379
197 391
198 199
198 202
199 200
199 207
199 219
199 255
199 267
199 352
199 396
200 201
200 254
200 269
200 301
200 342
200 367
200 382
201 202
201 249
201 295
202 203
202 386
203 204
203 303
203 398
204 205
204 240
204 308
204 335
205 206
205 234
205 296
206 207
206 244
206 313
206 374
207 208
207 219
207 346
207 352
207 396
207 399
208 209
208 367
208 379
208 391
209 210
209 319
209 364
210 211
210 307
210 347
211 212
211 358
212 213
212 246
212 261
212 325
213 214
213 267
213 284
213 340
214 215
214 245
214 260
214 318
214 320
215 216
215 377
216 217
216 227
216 304
216 340
216 370
217 218
217 223
217 227
217 281
217 329
217 370
218 219
219 220
219 255
219 267
219 352
219 396
220 221
221 222
221 251
221 305
222 223
222 233
222 270
222 310
222 327
222 358
223 224
224 225
224 268
224 279
224 290
224 369
225 226
225 283
225 321
225 394
226 227
227 228
227 304
227 400
228 229
228 261
228 326
229 230
229 350
230 231
230 293
230 294
231 232
232 233
232 317
232 336
233 234
233 270
233 306
233 310
233 327
233 358
233 389
234 235
234 239
234 296
234 334
235 236
235 287
235 300
235 390
236 237
237 238
238 239
238 393
239 240
239 244
239 334
239 374
240 241
240 308
240 335
241 242
241 324
241 395
242 243
242 250
242 386
243 244
243 356
243 387
244 245
244 374
245 246
245 260
245 320
246 247
246 261
246 325
246 326
247 248
247 254
247 273
247 371
248 249
248 291
249 250
249 385
250 251
250 318
251 252
251 265
251 305
252 253
252 256
253 254
254 255
254 273
254 367
254 371
255 256
255 267
255 396
256 257
257 258
257 262
257 318
257 320
257 354
258 259
259 260
259 292
260 261
260 262
260 320
261 262
261 325
261 326
262 263
262 320
263 264
263 281
263 328
263 329
264 265
264 314
264 343
264 381
265 266
265 322
266 267
266 278
266 293
266 302
266 355
266 356
266 373
267 268
267 284
267 316
267 352
267 396
268 269
268 279
268 330
269 270
269 301
269 342
270 271
270 306
270 310
270 327
270 389
271 272
271 366
271 393
272 273
272 351
272 366
272 384
272 393
273 274
273 371
274 275
274 287
274 334
274 377
275 276
275 293
276 277
276 323
276 328
277 278
278 279
278 355
278 356
278 378
279 280
279 330
280 281
280 311
280 357
280 361
280 368
281 282
281 329
281 370
282 283
282 315
283 284
283 321
284 285
285 286
285 289
285 299
285 348
286 287
286 344
286 380
287 288
287 300
287 334
287 377
288 289
289 290
289 372
290 291
290 361
290 365
291 292
292 293
292 317
292 336
293 294
293 355
294 295
294 314
295 296
296 297
297 298
297 354
297 363
298 299
299 300
299 331
299 348
300 301
300 390
301 302
301 342
301 382
302 303
303 304
304 305
304 340
305 306
306 307
306 327
306 389
306 392
307 308
308 309
308 335
309 310
310 311
310 327
310 358
311 312
311 357
312 313
312 378
312 381
313 314
314 315
314 343
315 316
315 383
316 317
316 352
316 396
316 399
317 318
317 336
318 319
318 320
319 320
319 364
320 321
321 322
322 323
322 346
323 324
324 325
324 395
325 326
326 327
327 328
327 389
327 392
328 329
329 330
330 331
331 332
331 348
332 333
332 375
332 376
332 397
333 334
333 397
334 335
334 377
335 336
336 337
337 338
338 339
339 340
339 367
339 391
340 341
341 342
342 343
342 382
343 344
344 345
344 351
344 380
345 346
346 347
346 359
347 348
348 349
349 350
349 362
349 385
349 390
350 351
351 352
351 384
352 353
352 396
352 399
353 354
353 383
354 355
354 363
355 356
355 373
355 378
356 357
356 373
356 378
357 358
357 361
358 359
359 360
360 361
360 398
361 362
362 363
362 390
363 364
364 365
365 366
366 367
366 393
367 368
367 391
368 369
369 370
370 371
371 372
372 373
373 374
374 375
375 376
375 397
376 377
376 397
377 378
378 379
378 381
379 380
380 381
381 382
382 383
383 384
384 385
385 386
386 387
387 388
388 389
389 390
389 392
390 391
391 392
392 393
393 394
394 395
395 396
396 397
397 398
398 399
399 400
