80 735
1 2
1 9
1 11
1 13
1 14
1 18
1 21
1 23
1 29
1 30
1 32
1 37
1 39
1 44
1 45
1 47
1 51
1 52
1 57
1 59
1 64
1 69
1 73
1 74
1 79
1 80
2 3
2 4
2 7
2 10
2 11
2 13
2 14
2 18
2 23
2 27
2 29
2 30
2 36
2 37
2 39
2 43
2 44
2 45
2 47
2 51
2 59
2 69
2 74
2 77
2 79
2 80
3 4
3 6
3 16
3 19
3 22
3 24
3 26
3 34
3 41
3 60
3 61
3 63
3 65
3 66
3 68
3 70
3 72
4 5
4 7
4 10
4 13
4 14
4 27
4 30
4 35
4 36
4 43
4 46
4 49
4 59
4 69
4 74
4 77
4 79
4 80
5 6
5 8
5 12
5 35
5 36
5 38
5 46
5 49
5 62
5 77
6 7
6 16
6 19
6 22
6 24
6 25
6 26
6 34
6 41
6 42
6 48
6 60
6 63
6 65
6 66
6 68
6 72
7 8
7 10
7 13
7 18
7 21
7 24
7 27
7 31
7 37
7 39
7 42
7 43
7 47
7 51
7 59
7 65
7 69
7 74
7 76
7 79
7 80
8 9
8 12
8 35
8 38
8 46
8 49
8 62
9 10
9 11
9 23
9 29
9 32
9 44
9 45
9 52
9 57
9 64
9 73
10 11
10 13
10 15
10 27
10 31
10 35
10 38
10 42
10 43
10 46
10 49
10 55
10 58
10 59
10 67
10 74
10 76
10 80
11 12
11 14
11 18
11 23
11 29
11 30
11 32
11 37
11 39
11 44
11 45
11 51
11 52
11 57
11 64
11 69
11 73
11 79
12 13
12 35
12 38
12 46
12 49
12 62
13 14
13 18
13 21
13 27
13 29
13 30
13 37
13 39
13 42
13 43
13 45
13 47
13 51
13 59
13 69
13 74
13 76
13 79
13 80
14 15
14 23
14 29
14 30
14 32
14 36
14 37
14 39
14 44
14 45
14 59
14 69
14 74
14 77
14 79
15 16
15 31
15 38
15 42
15 48
15 55
15 58
15 67
15 76
16 17
16 19
16 22
16 24
16 25
16 34
16 41
16 48
16 60
16 61
16 63
16 65
16 66
16 68
16 72
16 75
16 78
17 18
17 20
17 26
17 28
17 33
17 40
17 53
17 54
17 63
17 71
18 19
18 21
18 23
18 26
18 27
18 29
18 30
18 32
18 37
18 39
18 43
18 44
18 45
18 47
18 51
18 52
18 57
18 59
18 69
18 71
18 73
18 74
18 79
18 80
19 20
19 22
19 25
19 34
19 41
19 56
19 61
19 66
19 68
19 75
19 78
20 21
20 26
20 28
20 33
20 40
20 52
20 53
20 54
20 57
20 63
20 71
21 22
21 26
21 27
21 37
21 39
21 43
21 45
21 47
21 51
21 52
21 57
21 59
21 60
21 63
21 65
21 71
21 73
21 74
21 80
22 23
22 24
22 25
22 41
22 48
22 50
22 56
22 61
22 66
22 68
22 75
22 78
23 24
23 29
23 30
23 32
23 37
23 39
23 44
23 45
23 64
23 69
23 73
23 77
23 79
24 25
24 26
24 27
24 34
24 41
24 42
24 47
24 48
24 60
24 63
24 65
24 66
24 68
25 26
25 41
25 48
25 50
25 56
25 61
25 75
25 78
26 27
26 28
26 34
26 37
26 47
26 51
26 53
26 60
26 63
26 65
26 66
26 68
26 71
26 72
26 73
27 28
27 31
27 37
27 39
27 42
27 43
27 47
27 51
27 59
27 65
27 69
27 74
27 76
27 79
27 80
28 29
28 33
28 34
28 40
28 53
28 54
28 60
28 63
28 70
28 71
28 72
29 30
29 32
29 37
29 39
29 44
29 45
29 51
29 52
29 59
29 64
29 69
29 73
29 74
29 77
29 79
29 80
30 31
30 32
30 36
30 37
30 39
30 43
30 44
30 45
30 51
30 59
30 69
30 73
30 74
30 77
30 79
30 80
31 32
31 35
31 38
31 42
31 43
31 49
31 55
31 58
31 62
31 67
31 76
31 80
32 33
32 39
32 44
32 45
32 52
32 57
32 64
32 69
32 73
33 34
33 40
33 53
33 54
33 60
33 63
33 70
33 72
34 35
34 40
34 41
34 53
34 54
34 60
34 63
34 65
34 66
34 68
34 70
34 72
35 36
35 38
35 43
35 46
35 49
35 55
35 62
35 76
36 37
36 46
36 69
36 77
36 79
37 38
37 39
37 43
37 44
37 45
37 47
37 51
37 52
37 57
37 59
37 69
37 73
37 74
37 79
37 80
38 39
38 46
38 49
38 55
38 62
38 67
38 76
39 40
39 43
39 44
39 45
39 47
39 51
39 52
39 57
39 59
39 69
39 73
39 74
39 79
39 80
40 41
40 53
40 54
40 63
40 70
40 71
40 72
41 42
41 48
41 60
41 61
41 63
41 65
41 66
41 68
41 70
41 72
41 75
41 78
42 43
42 48
42 49
42 55
42 58
42 59
42 65
42 67
42 74
42 76
42 80
43 44
43 47
43 49
43 51
43 59
43 65
43 69
43 74
43 76
43 79
43 80
44 45
44 51
44 52
44 57
44 59
44 64
44 69
44 73
44 74
44 77
44 79
45 46
45 47
45 51
45 52
45 57
45 59
45 64
45 69
45 73
45 74
45 77
45 79
45 80
46 47
46 49
46 62
46 77
46 79
47 48
47 51
47 52
47 59
47 63
47 65
47 66
47 68
47 71
47 73
47 74
47 80
48 49
48 50
48 56
48 58
48 65
48 66
48 68
48 75
48 76
48 78
49 50
49 55
49 62
49 76
50 51
50 56
50 75
50 78
51 52
51 57
51 59
51 65
51 69
51 73
51 74
51 79
51 80
52 53
52 57
52 71
52 73
53 54
53 63
53 70
53 71
53 72
54 55
54 63
54 70
54 72
55 56
55 58
55 62
55 67
55 76
56 57
56 61
56 75
56 78
57 58
57 71
57 73
58 59
58 67
58 76
59 60
59 65
59 69
59 73
59 74
59 79
59 80
60 61
60 63
60 65
60 66
60 68
60 70
60 72
61 62
61 75
61 78
62 63
63 64
63 65
63 66
63 68
63 70
63 71
63 72
64 65
65 66
65 68
65 80
66 67
66 68
66 70
66 72
67 68
67 76
68 69
68 72
69 70
69 74
69 77
69 79
69 80
70 71
70 72
71 72
71 73
72 73
73 74
74 75
74 79
74 80
75 76
75 78
76 77
76 80
77 78
77 79
78 79
79 80
