80 262
1 2
1 11
1 18
1 29
1 37
1 39
1 44
1 45
1 52
1 73
1 80
2 3
2 13
2 43
2 59
2 69
2 74
2 79
2 80
3 4
3 6
3 16
3 34
3 41
3 60
3 66
3 68
4 5
4 36
4 79
5 6
5 46
6 7
6 16
6 24
6 41
6 65
6 66
6 68
7 8
7 13
7 27
7 43
7 59
7 74
7 80
8 9
8 12
8 62
9 10
9 32
9 64
10 11
10 31
10 42
10 76
11 12
11 23
11 29
11 32
11 44
11 45
12 13
12 62
13 14
13 27
13 43
13 59
13 74
13 79
13 80
14 15
14 23
14 29
14 30
14 69
14 77
15 16
15 55
15 58
15 67
16 17
16 41
16 66
16 68
17 18
17 20
17 53
17 71
18 19
18 21
18 37
18 39
18 51
18 73
19 20
19 22
19 61
19 78
20 21
20 53
20 71
21 22
21 26
21 37
21 47
21 51
22 23
22 25
22 61
22 75
22 78
23 24
23 29
23 30
23 32
23 44
23 45
24 25
24 41
24 65
24 66
24 68
25 26
25 56
25 75
25 78
26 27
26 47
26 63
27 28
27 43
27 59
27 74
27 80
28 29
28 33
28 40
28 53
28 54
29 30
29 39
29 44
29 45
29 69
30 31
30 39
30 44
30 45
30 69
30 79
31 32
31 42
31 55
31 76
32 33
32 44
32 64
33 34
33 40
33 54
33 70
33 72
34 35
34 60
34 63
34 70
34 72
35 36
35 38
35 46
35 49
36 37
36 77
37 38
37 39
37 45
37 47
37 51
37 73
38 39
38 49
38 55
38 62
39 40
39 44
39 45
39 51
40 41
40 53
40 54
41 42
41 60
41 66
41 68
42 43
42 76
43 44
43 59
43 74
43 80
44 45
45 46
46 47
46 49
47 48
47 51
48 49
49 50
50 51
50 56
50 75
51 52
51 59
51 73
51 74
52 53
52 57
52 73
53 54
54 55
55 56
56 57
56 75
57 58
57 73
58 59
58 67
59 60
59 74
59 80
60 61
60 63
60 66
60 68
60 72
61 62
61 78
62 63
63 64
64 65
65 66
65 68
66 67
66 68
67 68
68 69
69 70
69 79
70 71
70 72
71 72
72 73
73 74
74 75
74 80
75 76
75 78
76 77
77 78
78 79
79 80
