80 474
1 2
1 9
1 11
1 18
1 23
1 29
1 30
1 32
1 37
1 39
1 44
1 45
1 51
1 52
1 57
1 73
1 80
2 3
2 4
2 7
2 13
2 14
2 27
2 29
2 30
2 37
2 39
2 43
2 45
2 51
2 59
2 69
2 74
2 79
2 80
3 4
3 6
3 16
3 24
3 34
3 41
3 60
3 63
3 65
3 66
3 68
3 70
3 72
4 5
4 13
4 36
4 46
4 69
4 77
4 79
5 6
5 35
5 36
5 46
5 49
6 7
6 16
6 24
6 34
6 41
6 48
6 60
6 65
6 66
6 68
7 8
7 10
7 13
7 27
7 42
7 43
7 47
7 51
7 59
7 74
7 76
7 80
8 9
8 12
8 38
8 62
9 10
9 11
9 23
9 32
9 44
9 64
10 11
10 13
10 27
10 31
10 35
10 42
10 43
10 49
10 55
10 76
10 80
11 12
11 14
11 18
11 23
11 29
11 30
11 32
11 37
11 39
11 44
11 45
11 52
11 64
11 73
12 13
12 38
12 62
13 14
13 27
13 30
13 37
13 39
13 43
13 47
13 51
13 59
13 69
13 74
13 79
13 80
14 15
14 23
14 29
14 30
14 32
14 36
14 39
14 44
14 45
14 69
14 77
14 79
15 16
15 31
15 55
15 58
15 67
15 76
16 17
16 19
16 22
16 24
16 34
16 41
16 48
16 60
16 61
16 65
16 66
16 68
17 18
17 20
17 28
17 40
17 53
17 71
18 19
18 21
18 29
18 37
18 39
18 44
18 45
18 47
18 51
18 52
18 57
18 59
18 73
18 74
19 20
19 22
19 25
19 41
19 61
19 78
20 21
20 28
20 40
20 53
20 71
21 22
21 26
21 37
21 39
21 47
21 51
21 63
21 73
22 23
22 25
22 41
22 48
22 50
22 56
22 61
22 75
22 78
23 24
23 29
23 30
23 32
23 39
23 44
23 45
23 64
23 69
24 25
24 41
24 48
24 60
24 65
24 66
24 68
25 26
25 48
25 50
25 56
25 61
25 75
25 78
26 27
26 47
26 51
26 60
26 63
26 65
26 71
27 28
27 42
27 43
27 47
27 51
27 59
27 74
27 80
28 29
28 33
28 40
28 53
28 54
28 63
28 70
28 71
28 72
29 30
29 32
29 37
29 39
29 44
29 45
29 51
29 59
29 69
29 74
29 79
30 31
30 32
30 37
30 39
30 44
30 45
30 59
30 69
30 74
30 77
30 79
31 32
31 35
31 38
31 42
31 49
31 55
31 58
31 67
31 76
32 33
32 44
32 45
32 64
33 34
33 40
33 53
33 54
33 70
33 72
34 35
34 41
34 60
34 63
34 66
34 68
34 70
34 72
35 36
35 38
35 46
35 49
35 55
35 62
35 76
36 37
36 46
36 69
36 77
36 79
37 38
37 39
37 44
37 45
37 47
37 51
37 52
37 59
37 69
37 73
37 74
37 80
38 39
38 49
38 55
38 62
39 40
39 44
39 45
39 47
39 51
39 59
39 69
39 73
39 74
39 79
39 80
40 41
40 53
40 54
40 70
40 72
41 42
41 60
41 61
41 65
41 66
41 68
42 43
42 48
42 58
42 76
42 80
43 44
43 59
43 74
43 79
43 80
44 45
44 64
44 69
44 73
45 46
45 51
45 69
45 73
45 74
45 79
46 47
46 49
47 48
47 51
47 59
47 65
47 73
47 74
47 80
48 49
48 58
48 68
48 75
49 50
49 55
49 62
49 76
50 51
50 56
50 75
51 52
51 59
51 73
51 74
51 80
52 53
52 57
52 73
53 54
53 70
53 71
54 55
54 70
54 72
55 56
55 58
55 62
55 67
55 76
56 57
56 75
56 78
57 58
57 71
57 73
58 59
58 67
58 76
59 60
59 69
59 74
59 79
59 80
60 61
60 63
60 65
60 66
60 68
60 70
60 72
61 62
61 78
62 63
63 64
63 65
63 66
63 68
63 70
63 72
64 65
65 66
65 68
66 67
66 68
67 68
67 76
68 69
69 70
69 74
69 77
69 79
69 80
70 71
70 72
71 72
72 73
73 74
74 75
74 79
74 80
75 76
75 78
76 77
77 78
77 79
78 79
79 80
