100 335
1 2
1 11
1 18
1 29
1 37
1 39
1 44
1 45
1 73
1 100
2 3
2 13
2 43
2 59
2 69
2 74
2 79
2 80
2 83
3 4
3 6
3 16
3 34
3 41
3 60
3 66
3 68
4 5
4 36
5 6
5 46
6 7
6 16
6 24
6 41
6 65
6 66
6 68
7 8
7 13
7 27
7 43
7 59
7 74
7 80
7 84
8 9
8 12
8 81
8 93
8 95
9 10
9 32
9 64
9 100
10 11
10 31
10 76
10 96
10 98
11 12
11 23
11 29
11 32
11 44
11 45
12 13
12 81
12 93
12 95
13 14
13 27
13 43
13 59
13 74
13 80
13 84
14 15
14 23
14 29
14 30
14 69
14 83
14 97
15 16
15 55
15 58
15 67
15 82
16 17
16 41
16 66
16 68
17 18
17 20
17 53
17 71
17 99
18 19
18 37
18 39
18 51
18 73
19 20
19 61
19 78
19 91
20 21
20 53
20 71
20 99
21 22
21 26
21 47
21 51
22 23
22 25
22 75
22 78
23 24
23 29
23 30
23 32
23 44
23 45
24 25
24 65
24 66
24 68
24 87
24 90
25 26
25 56
25 75
25 78
25 89
26 27
26 47
26 63
27 28
27 43
27 59
27 74
27 80
27 84
28 29
28 33
28 40
28 53
28 54
29 30
29 39
29 44
29 45
29 69
29 83
30 31
30 44
30 45
30 69
30 79
30 83
31 32
31 76
31 82
31 96
32 33
32 44
32 64
32 100
33 34
33 40
33 54
33 70
34 35
34 60
34 63
34 70
34 72
35 36
35 38
35 49
35 92
35 98
36 37
36 77
36 97
37 38
37 39
37 51
37 73
38 39
38 49
38 55
38 62
38 92
38 93
39 40
39 45
39 51
39 83
40 41
40 53
40 54
41 42
41 66
41 68
42 43
42 76
42 96
43 44
43 59
43 74
43 80
43 84
44 45
45 46
45 83
46 47
47 48
47 51
47 84
48 49
49 50
49 92
49 98
50 51
50 56
50 75
50 86
50 88
50 89
51 52
52 53
52 57
52 73
52 85
52 94
53 54
54 55
55 56
56 57
56 75
56 88
56 89
57 58
57 73
57 85
57 94
58 59
58 67
58 82
59 60
59 74
59 80
59 84
60 61
60 63
60 66
60 72
61 62
61 78
61 91
62 63
62 81
62 93
63 64
64 65
64 100
65 66
65 68
65 87
65 90
66 67
66 68
67 68
67 82
68 69
69 70
69 79
69 83
69 97
70 71
70 72
71 72
71 94
71 99
72 73
73 74
74 75
74 80
74 84
75 76
75 88
75 89
76 77
76 96
77 78
77 97
78 79
78 91
79 80
79 83
79 97
80 81
80 84
81 82
81 93
81 95
82 83
83 84
84 85
84 87
85 86
86 87
86 88
86 89
87 88
87 90
88 89
89 90
90 91
91 92
92 93
92 98
93 94
93 95
94 95
94 99
95 96
96 97
96 98
97 98
98 99
99 100
