100 435
1 2
1 11
1 18
1 29
1 37
1 39
1 44
1 45
1 51
1 52
1 73
1 100
2 3
2 7
2 13
2 27
2 30
2 39
2 43
2 59
2 69
2 74
2 79
2 80
2 83
3 4
3 6
3 16
3 24
3 34
3 41
3 60
3 63
3 66
3 68
3 72
4 5
4 36
4 46
4 77
4 79
4 97
5 6
5 35
5 46
5 49
6 7
6 16
6 24
6 41
6 60
6 65
6 66
6 68
6 90
7 8
7 10
7 13
7 27
7 43
7 59
7 74
7 80
7 84
8 9
8 12
8 62
8 81
8 93
8 95
9 10
9 11
9 32
9 64
9 100
10 11
10 31
10 42
10 43
10 76
10 96
10 98
11 12
11 23
11 29
11 32
11 39
11 44
11 45
11 100
12 13
12 62
12 81
12 93
12 95
13 14
13 27
13 43
13 59
13 74
13 79
13 80
13 83
13 84
14 15
14 23
14 29
14 30
14 44
14 45
14 69
14 77
14 79
14 83
14 97
15 16
15 31
15 55
15 58
15 67
15 82
16 17
16 24
16 41
16 66
16 68
17 18
17 20
17 28
17 53
17 71
17 99
18 19
18 21
18 37
18 39
18 45
18 47
18 51
18 52
18 73
19 20
19 22
19 61
19 78
19 91
20 21
20 53
20 71
20 94
20 99
21 22
21 26
21 37
21 47
21 51
21 73
22 23
22 25
22 61
22 75
22 78
22 89
22 91
23 24
23 29
23 30
23 32
23 44
23 45
24 25
24 41
24 65
24 66
24 68
24 87
24 90
25 26
25 50
25 56
25 75
25 78
25 88
25 89
26 27
26 47
26 63
27 28
27 43
27 59
27 74
27 80
27 84
27 87
28 29
28 33
28 40
28 53
28 54
28 70
29 30
29 39
29 44
29 45
29 69
29 83
30 31
30 39
30 44
30 45
30 69
30 79
30 83
30 97
31 32
31 42
31 55
31 58
31 76
31 82
31 96
32 33
32 44
32 45
32 64
32 100
33 34
33 40
33 53
33 54
33 70
33 72
34 35
34 60
34 63
34 70
34 72
35 36
35 38
35 46
35 49
35 62
35 92
35 98
36 37
36 77
36 97
37 38
37 39
37 45
37 47
37 51
37 59
37 73
37 74
38 39
38 49
38 55
38 62
38 81
38 92
38 93
39 40
39 44
39 45
39 51
39 59
39 69
39 73
39 74
39 83
40 41
40 53
40 54
40 70
41 42
41 60
41 66
41 68
42 43
42 76
42 90
42 96
43 44
43 59
43 74
43 80
43 84
44 45
45 46
45 69
45 83
46 47
46 49
46 92
47 48
47 51
47 84
48 49
49 50
49 62
49 92
49 98
50 51
50 56
50 75
50 86
50 88
50 89
51 52
51 59
51 73
51 74
51 84
52 53
52 57
52 73
52 85
52 94
53 54
54 55
54 70
55 56
55 67
56 57
56 75
56 86
56 88
56 89
57 58
57 73
57 85
57 94
58 59
58 67
58 76
58 82
59 60
59 74
59 79
59 80
59 83
59 84
60 61
60 63
60 66
60 68
60 72
61 62
61 78
61 91
62 63
62 81
62 92
62 93
62 95
63 64
63 72
64 65
64 100
65 66
65 68
65 87
65 90
66 67
66 68
67 68
67 82
68 69
69 70
69 77
69 79
69 83
69 97
70 71
70 72
71 72
71 94
71 99
72 73
73 74
74 75
74 79
74 80
74 83
74 84
75 76
75 78
75 88
75 89
76 77
76 82
76 96
77 78
77 79
77 97
78 79
78 91
79 80
79 83
79 97
80 81
80 84
81 82
81 93
81 95
82 83
83 84
83 97
84 85
84 87
84 90
85 86
85 94
86 87
86 88
86 89
87 88
87 90
88 89
89 90
90 91
91 92
92 93
92 98
93 94
93 95
94 95
94 99
95 96
96 97
96 98
97 98
98 99
99 100
