200 1501
1 2
1 11
1 18
1 29
1 37
1 39
1 44
1 45
1 52
1 73
1 115
1 130
1 160
1 183
1 186
1 198
1 200
2 3
2 13
2 30
2 43
2 59
2 69
2 74
2 79
2 80
2 83
2 103
2 104
2 128
2 132
2 142
2 143
2 145
2 147
2 152
2 164
2 181
3 4
3 6
3 16
3 34
3 41
3 60
3 66
3 68
3 111
3 117
3 136
3 191
4 5
4 36
4 46
4 77
4 79
4 103
4 104
4 132
4 141
4 142
4 143
4 147
4 148
4 152
4 164
4 167
4 168
4 173
4 182
5 6
5 46
5 102
5 141
5 148
5 158
5 165
5 168
5 173
5 178
5 182
5 187
5 196
6 7
6 16
6 24
6 41
6 65
6 66
6 68
6 90
6 117
6 120
6 170
6 188
6 191
7 8
7 13
7 27
7 43
7 59
7 74
7 80
7 84
7 140
7 145
7 151
7 152
7 157
7 174
7 181
7 195
8 9
8 12
8 62
8 81
8 93
8 95
8 158
8 193
9 10
9 11
9 32
9 64
9 100
9 123
9 130
10 11
10 31
10 42
10 43
10 76
10 96
10 98
10 116
10 129
10 140
10 150
10 169
10 174
10 199
11 12
11 23
11 29
11 32
11 39
11 44
11 45
11 100
11 115
11 130
11 166
11 183
11 198
12 13
12 62
12 81
12 93
12 95
12 158
12 193
13 14
13 27
13 43
13 59
13 74
13 79
13 80
13 84
13 104
13 132
13 140
13 142
13 143
13 145
13 147
13 152
13 157
13 164
13 181
13 185
14 15
14 23
14 29
14 30
14 69
14 77
14 79
14 83
14 97
14 103
14 128
14 135
15 16
15 55
15 58
15 67
15 82
15 122
15 138
15 144
15 156
15 189
16 17
16 24
16 41
16 66
16 68
16 117
16 153
16 191
17 18
17 20
17 28
17 53
17 71
17 99
17 105
17 118
17 121
17 163
17 176
18 19
18 21
18 37
18 39
18 45
18 47
18 51
18 73
18 112
18 115
18 155
18 160
18 183
18 185
18 186
18 198
19 20
19 22
19 61
19 78
19 91
19 153
19 159
19 162
20 21
20 53
20 71
20 99
20 105
20 121
20 131
20 163
20 176
21 22
21 26
21 37
21 47
21 51
21 108
21 112
21 119
21 134
21 155
21 160
21 171
21 175
21 177
21 185
21 186
21 195
22 23
22 25
22 61
22 75
22 78
22 91
22 107
22 109
22 125
22 149
22 159
22 161
22 180
22 192
22 197
23 24
23 29
23 30
23 32
23 44
23 45
23 130
23 137
23 166
23 183
23 198
24 25
24 41
24 65
24 66
24 68
24 87
24 90
24 117
24 120
24 170
24 188
25 26
25 56
25 75
25 78
25 89
25 101
25 107
25 109
25 125
25 126
25 149
25 159
25 161
25 180
25 184
25 192
25 197
25 200
26 27
26 47
26 63
26 119
26 133
26 134
26 155
26 171
26 175
26 188
27 28
27 43
27 59
27 74
27 80
27 84
27 87
27 108
27 140
27 145
27 151
27 152
27 157
27 181
27 185
27 195
28 29
28 33
28 40
28 53
28 54
28 110
28 114
28 118
28 121
28 124
28 154
28 163
28 176
29 30
29 39
29 44
29 45
29 69
29 83
29 128
29 130
29 183
29 198
30 31
30 39
30 44
30 45
30 69
30 79
30 83
30 97
30 103
30 128
30 143
30 164
30 183
31 32
31 42
31 55
31 58
31 76
31 82
31 96
31 116
31 129
31 138
31 144
31 150
31 169
31 174
31 189
31 199
32 33
32 44
32 64
32 100
32 123
32 130
32 137
32 166
32 198
33 34
33 40
33 54
33 70
33 72
33 106
33 114
33 118
33 124
33 154
33 176
34 35
34 60
34 63
34 70
34 72
34 106
34 111
34 124
34 136
35 36
35 38
35 46
35 49
35 92
35 98
35 102
35 127
35 141
35 148
35 165
35 168
35 173
35 178
35 187
35 196
35 199
36 37
36 77
36 97
36 103
36 135
36 167
36 182
37 38
37 39
37 45
37 47
37 51
37 59
37 73
37 74
37 112
37 155
37 160
37 181
37 183
37 185
37 186
38 39
38 49
38 55
38 62
38 92
38 93
38 102
38 127
38 187
38 189
38 196
38 199
39 40
39 44
39 45
39 51
39 74
39 83
39 128
39 160
39 183
39 185
39 198
40 41
40 53
40 54
40 114
40 118
40 121
40 124
40 154
40 176
41 42
41 60
41 66
41 68
41 111
41 117
41 153
41 191
42 43
42 76
42 90
42 96
42 116
42 129
42 140
42 157
42 169
42 170
42 174
42 179
43 44
43 59
43 74
43 80
43 84
43 104
43 132
43 140
43 142
43 145
43 147
43 151
43 152
43 157
43 174
43 181
44 45
44 115
44 130
44 166
44 183
44 198
45 46
45 83
45 115
45 128
45 130
45 183
45 198
46 47
46 49
46 92
46 102
46 141
46 148
46 165
46 168
46 173
46 178
46 182
46 187
46 196
47 48
47 51
47 84
47 108
47 112
47 119
47 134
47 145
47 151
47 155
47 171
47 175
47 181
47 185
47 195
48 49
48 109
48 120
48 146
48 161
48 170
48 180
49 50
49 92
49 98
49 102
49 127
49 141
49 148
49 165
49 168
49 173
49 178
49 187
49 196
49 199
50 51
50 56
50 75
50 86
50 88
50 89
50 101
50 107
50 125
50 126
50 149
50 184
50 192
50 194
50 197
50 200
51 52
51 59
51 73
51 74
51 84
51 112
51 119
51 145
51 155
51 160
51 181
51 185
51 186
52 53
52 57
52 73
52 85
52 94
52 115
52 160
52 172
52 177
52 186
52 190
53 54
53 105
53 110
53 114
53 118
53 121
53 154
53 163
53 176
54 55
54 114
54 118
54 124
54 154
54 176
55 56
55 67
55 122
55 127
55 138
55 150
55 156
55 189
56 57
56 75
56 88
56 89
56 101
56 107
56 125
56 126
56 149
56 184
56 192
56 197
56 200
57 58
57 73
57 85
57 94
57 115
57 160
57 172
57 177
57 186
57 190
58 59
58 67
58 76
58 82
58 129
58 138
58 144
59 60
59 74
59 80
59 83
59 84
59 104
59 112
59 142
59 143
59 145
59 151
59 152
59 157
59 164
59 181
59 185
60 61
60 63
60 66
60 68
60 72
60 111
60 117
60 136
60 188
60 191
61 62
61 78
61 91
61 153
61 159
61 162
62 63
62 81
62 92
62 93
62 95
62 102
62 127
62 158
62 193
63 64
63 72
63 110
63 124
63 133
63 134
63 163
63 171
63 188
64 65
64 100
64 123
64 137
64 166
65 66
65 68
65 87
65 90
65 108
65 117
65 119
65 134
65 151
65 170
65 171
65 188
65 195
66 67
66 68
66 117
66 120
66 188
66 191
67 68
67 82
67 122
67 138
67 144
67 156
67 189
68 69
68 117
68 120
68 188
68 191
69 70
69 77
69 79
69 83
69 97
69 103
69 104
69 128
69 135
69 142
69 143
69 152
69 164
69 167
70 71
70 72
70 106
70 110
70 111
70 114
70 124
70 136
70 154
71 72
71 94
71 99
71 105
71 131
71 163
71 175
71 177
71 190
72 73
72 106
72 110
72 111
72 124
72 136
73 74
73 115
73 155
73 160
73 172
73 175
73 177
73 183
73 186
74 75
74 80
74 83
74 84
74 104
74 112
74 142
74 143
74 145
74 152
74 164
74 181
74 185
75 76
75 78
75 88
75 89
75 101
75 107
75 109
75 125
75 126
75 146
75 149
75 159
75 161
75 180
75 184
75 192
75 197
75 200
76 77
76 82
76 96
76 116
76 129
76 138
76 140
76 144
76 150
76 169
76 174
76 179
76 199
77 78
77 79
77 97
77 103
77 135
77 167
78 79
78 91
78 107
78 125
78 126
78 159
78 180
78 192
78 197
79 80
79 83
79 97
79 103
79 104
79 128
79 132
79 142
79 143
79 147
79 152
79 164
79 167
80 81
80 84
80 104
80 140
80 142
80 145
80 151
80 152
80 157
80 181
80 185
80 195
81 82
81 93
81 95
81 102
81 158
81 165
81 193
82 83
82 129
82 138
82 144
82 150
82 169
83 84
83 103
83 104
83 128
83 142
83 143
83 164
83 183
84 85
84 87
84 108
84 112
84 119
84 145
84 151
84 155
84 157
84 181
84 185
84 195
85 86
85 115
85 172
85 190
86 87
86 88
86 89
86 101
86 113
86 149
86 194
86 200
87 88
87 90
87 108
87 119
87 151
87 157
87 170
87 188
87 195
88 89
88 101
88 107
88 113
88 149
88 184
88 194
88 197
88 200
89 90
89 101
89 107
89 125
89 146
89 149
89 161
89 180
89 184
89 194
89 197
89 200
90 91
90 108
90 120
90 151
90 157
90 170
90 179
90 195
91 92
91 153
91 159
91 162
92 93
92 98
92 102
92 127
92 141
92 150
92 165
92 168
92 173
92 178
92 187
92 196
92 199
93 94
93 95
93 102
93 158
93 193
94 95
94 99
94 131
94 172
94 177
94 190
95 96
95 158
95 193
96 97
96 98
96 116
96 129
96 140
96 150
96 169
96 174
96 199
97 98
97 103
97 128
97 135
97 143
97 164
97 167
98 99
98 116
98 132
98 140
98 141
98 147
98 148
98 168
98 173
98 174
98 182
98 187
98 196
98 199
99 100
99 105
99 131
99 177
99 190
100 101
100 123
100 130
100 137
100 166
101 102
101 107
101 113
101 146
101 149
101 161
101 180
101 184
101 194
101 197
101 200
102 103
102 141
102 158
102 165
102 173
102 178
102 187
102 196
102 199
103 104
103 128
103 132
103 135
103 142
103 143
103 147
103 152
103 164
103 167
104 105
104 128
104 132
104 142
104 143
104 145
104 147
104 152
104 164
104 167
105 106
105 121
105 131
106 107
106 111
106 124
106 136
106 139
107 108
107 125
107 126
107 149
107 159
107 161
107 180
107 184
107 192
107 197
107 200
108 109
108 112
108 119
108 134
108 145
108 151
108 155
108 157
108 171
108 181
108 185
108 188
108 195
109 110
109 120
109 146
109 159
109 161
109 180
110 111
110 118
110 124
110 133
110 154
110 163
110 176
111 112
111 136
111 139
111 191
112 113
112 119
112 134
112 145
112 151
112 155
112 171
112 181
112 185
112 195
113 114
113 194
114 115
114 118
114 124
114 154
114 176
115 116
115 130
115 160
115 172
115 183
115 198
116 117
116 129
116 140
116 150
116 169
116 174
116 199
117 118
117 120
117 191
118 119
118 121
118 124
118 154
118 163
118 176
119 120
119 134
119 151
119 155
119 171
119 181
119 185
119 188
119 195
120 121
120 146
120 161
120 170
121 122
121 176
122 123
122 138
122 156
122 189
123 124
123 137
123 166
124 125
124 154
124 163
124 176
125 126
125 149
125 159
125 180
125 184
125 192
125 197
125 200
126 127
126 149
126 184
126 192
126 197
126 200
127 128
127 150
127 156
127 189
127 199
128 129
128 142
128 143
128 164
129 130
129 138
129 144
129 150
129 169
129 174
129 179
130 131
130 137
130 166
130 183
130 198
131 132
131 172
131 175
131 177
131 186
131 190
132 133
132 140
132 141
132 142
132 143
132 147
132 152
132 164
132 167
132 168
132 182
133 134
133 163
133 171
133 175
134 135
134 155
134 171
134 188
134 195
135 136
136 137
136 139
137 138
137 166
138 139
138 144
138 150
138 189
139 140
139 153
139 162
140 141
140 147
140 152
140 157
140 169
140 174
141 142
141 147
141 148
141 165
141 167
141 168
141 173
141 178
141 182
141 187
141 196
141 199
142 143
142 145
142 147
142 152
142 164
142 167
143 144
143 147
143 152
143 164
143 167
144 145
144 150
144 169
145 146
145 151
145 152
145 157
145 181
145 185
145 195
146 147
146 161
146 180
147 148
147 152
147 164
147 167
147 168
147 182
148 149
148 165
148 167
148 168
148 173
148 178
148 182
148 187
148 196
149 150
149 159
149 161
149 180
149 184
149 192
149 197
149 200
150 151
150 169
150 174
150 189
150 199
151 152
151 157
151 181
151 185
151 195
152 153
152 164
152 167
152 168
153 154
153 159
153 162
153 191
154 155
154 176
155 156
155 160
155 171
155 175
155 181
155 185
155 186
155 195
156 157
156 189
157 158
157 169
157 179
157 181
157 195
158 159
158 165
158 178
158 193
159 160
159 161
159 180
159 192
159 197
160 161
160 172
160 177
160 183
160 186
160 198
161 162
161 180
162 163
162 191
163 164
163 176
164 165
164 167
165 166
165 173
165 178
165 187
165 196
166 167
167 168
167 182
168 169
168 173
168 178
168 182
168 187
168 196
168 199
169 170
169 174
169 179
170 171
170 179
171 172
171 175
171 188
171 195
172 173
172 177
172 186
172 190
173 174
173 178
173 182
173 187
173 196
174 175
174 199
175 176
175 177
175 186
176 177
177 178
177 186
177 190
178 179
178 182
178 187
178 196
179 180
180 181
180 197
180 200
181 182
181 185
181 195
182 183
182 187
182 196
183 184
183 198
184 185
184 192
184 197
184 200
185 186
185 195
186 187
187 188
187 196
187 199
188 189
188 195
189 190
190 191
191 192
192 193
192 197
192 200
193 194
194 195
195 196
196 197
196 199
197 198
197 200
198 199
199 200
