100 3465
1 2
1 3
1 4
1 5
1 7
1 10
1 13
1 14
1 15
1 16
1 18
1 22
1 24
1 26
1 27
1 29
1 30
1 32
1 38
1 39
1 40
1 41
1 44
1 46
1 47
1 49
1 51
1 52
1 56
1 58
1 60
1 61
1 62
1 63
1 66
1 67
1 68
1 69
1 72
1 73
1 77
1 78
1 81
1 84
1 86
1 87
1 88
1 90
1 91
1 92
1 93
1 98
2 3
2 6
2 7
2 8
2 9
2 10
2 11
2 12
2 13
2 14
2 15
2 16
2 17
2 18
2 19
2 20
2 21
2 25
2 26
2 27
2 28
2 29
2 30
2 31
2 32
2 34
2 36
2 38
2 40
2 41
2 44
2 46
2 47
2 49
2 50
2 51
2 52
2 53
2 54
2 55
2 56
2 59
2 60
2 61
2 62
2 63
2 64
2 65
2 66
2 67
2 68
2 69
2 70
2 73
2 74
2 75
2 76
2 77
2 78
2 79
2 80
2 83
2 84
2 85
2 86
2 87
2 89
2 90
2 91
2 93
2 96
2 98
3 4
3 5
3 6
3 7
3 8
3 9
3 10
3 11
3 12
3 16
3 17
3 18
3 19
3 20
3 21
3 22
3 24
3 25
3 26
3 27
3 28
3 29
3 31
3 33
3 34
3 35
3 36
3 37
3 39
3 40
3 42
3 43
3 44
3 47
3 50
3 53
3 54
3 55
3 56
3 57
3 58
3 59
3 61
3 64
3 65
3 66
3 67
3 68
3 70
3 71
3 74
3 75
3 76
3 77
3 80
3 84
3 85
3 86
3 87
3 88
3 89
3 90
3 93
3 94
3 95
3 96
3 97
3 98
3 99
4 5
4 8
4 9
4 11
4 12
4 13
4 14
4 15
4 16
4 17
4 19
4 20
4 21
4 22
4 24
4 25
4 26
4 27
4 29
4 30
4 31
4 32
4 34
4 35
4 36
4 37
4 38
4 39
4 46
4 47
4 48
4 49
4 50
4 52
4 53
4 54
4 55
4 56
4 57
4 58
4 59
4 60
4 61
4 62
4 63
4 64
4 66
4 67
4 68
4 69
4 70
4 71
4 73
4 74
4 76
4 77
4 78
4 79
4 80
4 82
4 83
4 85
4 86
4 87
4 88
4 89
4 90
4 91
4 92
4 95
4 96
4 98
5 6
5 7
5 8
5 10
5 11
5 12
5 14
5 17
5 18
5 19
5 20
5 21
5 22
5 24
5 25
5 28
5 31
5 32
5 33
5 35
5 37
5 38
5 39
5 40
5 41
5 42
5 43
5 45
5 46
5 47
5 49
5 50
5 51
5 52
5 53
5 55
5 56
5 57
5 58
5 60
5 61
5 63
5 65
5 66
5 67
5 68
5 69
5 70
5 71
5 72
5 73
5 75
5 76
5 77
5 78
5 79
5 80
5 81
5 83
5 84
5 85
5 86
5 87
5 88
5 89
5 90
5 92
5 93
5 94
5 96
5 97
5 98
5 99
6 7
6 8
6 9
6 10
6 11
6 12
6 14
6 15
6 16
6 18
6 21
6 23
6 25
6 26
6 29
6 32
6 33
6 34
6 35
6 36
6 40
6 41
6 42
6 43
6 44
6 45
6 46
6 47
6 48
6 50
6 53
6 55
6 56
6 58
6 63
6 64
6 65
6 66
6 67
6 68
6 71
6 75
6 76
6 77
6 78
6 79
6 80
6 81
6 82
6 83
6 84
6 85
6 86
6 89
6 90
6 91
6 94
6 95
6 97
6 98
6 99
7 8
7 9
7 10
7 12
7 13
7 14
7 15
7 16
7 18
7 19
7 20
7 21
7 22
7 24
7 26
7 27
7 29
7 30
7 31
7 32
7 33
7 35
7 37
7 38
7 40
7 41
7 42
7 45
7 48
7 50
7 52
7 54
7 55
7 56
7 57
7 58
7 59
7 61
7 62
7 63
7 64
7 66
7 67
7 68
7 69
7 71
7 72
7 73
7 74
7 76
7 78
7 80
7 81
7 82
7 83
7 84
7 85
7 88
7 90
7 91
7 92
7 95
7 97
7 98
7 99
8 9
8 10
8 12
8 13
8 14
8 17
8 18
8 19
8 20
8 21
8 22
8 23
8 24
8 26
8 27
8 29
8 30
8 32
8 34
8 36
8 37
8 38
8 39
8 40
8 43
8 44
8 45
8 46
8 51
8 52
8 53
8 54
8 56
8 57
8 58
8 61
8 62
8 64
8 65
8 66
8 67
8 68
8 70
8 72
8 73
8 74
8 75
8 76
8 77
8 78
8 80
8 81
8 82
8 83
8 84
8 88
8 89
8 90
8 91
8 92
8 94
8 95
8 96
8 97
8 98
8 99
9 10
9 11
9 13
9 15
9 16
9 17
9 18
9 23
9 24
9 25
9 26
9 27
9 29
9 30
9 31
9 32
9 33
9 34
9 35
9 36
9 37
9 38
9 41
9 42
9 43
9 45
9 46
9 47
9 48
9 50
9 51
9 52
9 53
9 54
9 55
9 56
9 57
9 60
9 61
9 63
9 64
9 65
9 66
9 68
9 70
9 71
9 73
9 74
9 76
9 77
9 79
9 80
9 81
9 82
9 83
9 85
9 87
9 88
9 89
9 90
9 91
9 93
9 94
9 95
9 96
9 98
9 99
9 100
10 11
10 12
10 14
10 15
10 16
10 17
10 18
10 21
10 23
10 24
10 25
10 26
10 27
10 28
10 29
10 30
10 31
10 32
10 33
10 35
10 36
10 37
10 38
10 39
10 41
10 43
10 44
10 46
10 47
10 48
10 50
10 51
10 52
10 54
10 55
10 57
10 59
10 61
10 62
10 63
10 64
10 65
10 66
10 70
10 71
10 73
10 75
10 76
10 78
10 79
10 80
10 81
10 82
10 83
10 84
10 86
10 87
10 88
10 90
10 92
10 94
10 95
10 96
10 97
10 98
10 99
11 12
11 13
11 18
11 19
11 20
11 21
11 22
11 24
11 26
11 27
11 28
11 29
11 30
11 31
11 33
11 34
11 36
11 37
11 38
11 39
11 40
11 41
11 42
11 43
11 45
11 46
11 47
11 48
11 51
11 52
11 53
11 54
11 55
11 57
11 58
11 60
11 61
11 62
11 64
11 65
11 72
11 73
11 75
11 76
11 77
11 78
11 79
11 80
11 82
11 83
11 87
11 88
11 90
11 91
11 92
11 93
11 95
11 96
11 97
11 98
11 99
12 13
12 14
12 18
12 19
12 20
12 21
12 22
12 24
12 25
12 26
12 27
12 28
12 30
12 31
12 32
12 33
12 36
12 37
12 38
12 40
12 41
12 42
12 44
12 46
12 47
12 48
12 49
12 51
12 52
12 53
12 54
12 56
12 58
12 59
12 60
12 61
12 63
12 64
12 65
12 66
12 67
12 68
12 69
12 70
12 72
12 74
12 75
12 76
12 77
12 79
12 80
12 81
12 82
12 83
12 84
12 86
12 87
12 89
12 90
12 91
12 93
12 95
12 97
12 98
12 99
13 14
13 15
13 16
13 17
13 18
13 19
13 20
13 23
13 24
13 25
13 26
13 27
13 28
13 29
13 30
13 31
13 32
13 34
13 35
13 37
13 38
13 39
13 40
13 41
13 42
13 44
13 46
13 47
13 49
13 51
13 52
13 54
13 55
13 56
13 58
13 59
13 60
13 61
13 62
13 63
13 67
13 69
13 70
13 71
13 73
13 74
13 75
13 76
13 77
13 78
13 82
13 86
13 88
13 90
13 91
13 92
13 93
13 94
13 95
13 96
13 97
13 98
13 99
13 100
14 15
14 16
14 19
14 21
14 23
14 24
14 25
14 29
14 30
14 31
14 33
14 34
14 35
14 37
14 40
14 42
14 43
14 45
14 46
14 49
14 51
14 52
14 53
14 54
14 56
14 58
14 59
14 60
14 61
14 62
14 64
14 66
14 67
14 69
14 72
14 73
14 76
14 80
14 81
14 82
14 84
14 85
14 86
14 87
14 88
14 89
14 90
14 92
14 94
14 95
14 96
14 97
14 98
14 99
14 100
15 16
15 17
15 18
15 20
15 21
15 23
15 24
15 25
15 26
15 27
15 28
15 29
15 30
15 31
15 32
15 34
15 35
15 36
15 37
15 38
15 39
15 41
15 42
15 43
15 44
15 46
15 50
15 51
15 52
15 55
15 57
15 58
15 61
15 62
15 63
15 65
15 67
15 68
15 70
15 71
15 73
15 74
15 75
15 77
15 78
15 79
15 81
15 83
15 84
15 86
15 87
15 88
15 89
15 94
15 95
15 96
15 97
15 98
15 99
16 17
16 18
16 19
16 22
16 23
16 24
16 25
16 27
16 31
16 32
16 33
16 34
16 35
16 36
16 37
16 39
16 42
16 43
16 44
16 45
16 46
16 47
16 50
16 51
16 52
16 53
16 54
16 56
16 57
16 58
16 60
16 64
16 65
16 67
16 68
16 69
16 70
16 71
16 72
16 75
16 76
16 77
16 78
16 79
16 80
16 82
16 83
16 84
16 86
16 87
16 88
16 90
16 91
16 92
16 93
16 94
16 95
16 96
16 98
16 99
16 100
17 18
17 21
17 23
17 24
17 25
17 26
17 27
17 28
17 30
17 32
17 33
17 34
17 35
17 36
17 38
17 39
17 40
17 41
17 42
17 43
17 49
17 50
17 51
17 52
17 53
17 54
17 57
17 58
17 59
17 60
17 61
17 62
17 64
17 66
17 67
17 69
17 70
17 72
17 74
17 76
17 77
17 78
17 79
17 81
17 84
17 85
17 86
17 87
17 88
17 91
17 92
17 93
17 94
17 95
17 96
17 97
17 99
17 100
18 19
18 20
18 21
18 23
18 24
18 26
18 27
18 30
18 31
18 34
18 35
18 38
18 39
18 42
18 43
18 44
18 46
18 47
18 48
18 49
18 50
18 51
18 52
18 53
18 54
18 57
18 58
18 59
18 60
18 61
18 62
18 64
18 65
18 69
18 70
18 73
18 76
18 77
18 78
18 79
18 80
18 81
18 82
18 83
18 84
18 86
18 87
18 88
18 89
18 91
18 92
18 95
18 96
18 97
18 100
19 20
19 21
19 23
19 25
19 26
19 27
19 29
19 30
19 31
19 32
19 33
19 34
19 35
19 37
19 38
19 39
19 42
19 43
19 47
19 51
19 53
19 56
19 58
19 59
19 60
19 61
19 62
19 64
19 67
19 68
19 69
19 70
19 71
19 72
19 73
19 75
19 76
19 77
19 78
19 79
19 80
19 81
19 82
19 83
19 84
19 85
19 86
19 87
19 88
19 90
19 92
19 93
19 95
19 96
19 97
19 98
19 99
19 100
20 21
20 22
20 25
20 27
20 28
20 29
20 30
20 34
20 36
20 37
20 38
20 39
20 41
20 42
20 43
20 44
20 45
20 46
20 48
20 49
20 50
20 51
20 52
20 53
20 57
20 59
20 60
20 61
20 62
20 64
20 65
20 67
20 68
20 70
20 71
20 72
20 73
20 74
20 78
20 79
20 80
20 81
20 82
20 83
20 84
20 85
20 86
20 89
20 90
20 91
20 93
20 94
20 95
20 96
20 97
20 99
20 100
21 22
21 23
21 24
21 26
21 27
21 28
21 29
21 30
21 31
21 32
21 33
21 34
21 35
21 36
21 37
21 38
21 39
21 41
21 42
21 43
21 46
21 47
21 48
21 49
21 51
21 52
21 54
21 55
21 56
21 57
21 59
21 60
21 62
21 63
21 64
21 66
21 67
21 68
21 69
21 70
21 71
21 74
21 75
21 76
21 78
21 79
21 80
21 81
21 82
21 85
21 86
21 88
21 90
21 92
21 94
21 95
21 97
21 99
21 100
22 23
22 24
22 25
22 27
22 28
22 31
22 32
22 33
22 34
22 35
22 36
22 37
22 39
22 40
22 41
22 42
22 45
22 46
22 47
22 49
22 51
22 53
22 54
22 55
22 57
22 58
22 60
22 61
22 62
22 64
22 66
22 68
22 69
22 70
22 71
22 72
22 73
22 74
22 75
22 76
22 77
22 78
22 82
22 83
22 86
22 87
22 90
22 91
22 95
22 96
22 97
22 99
23 24
23 25
23 26
23 27
23 29
23 30
23 33
23 34
23 36
23 37
23 38
23 40
23 41
23 43
23 44
23 45
23 46
23 48
23 50
23 52
23 54
23 56
23 57
23 59
23 60
23 61
23 62
23 63
23 64
23 66
23 67
23 68
23 69
23 71
23 72
23 73
23 76
23 77
23 79
23 80
23 81
23 84
23 85
23 86
23 87
23 88
23 90
23 91
23 93
23 94
23 95
23 96
23 97
23 99
24 25
24 26
24 27
24 29
24 31
24 32
24 34
24 35
24 36
24 38
24 39
24 40
24 41
24 42
24 44
24 45
24 46
24 47
24 48
24 50
24 51
24 53
24 54
24 56
24 59
24 61
24 62
24 63
24 64
24 65
24 69
24 70
24 71
24 73
24 74
24 75
24 76
24 77
24 79
24 80
24 82
24 85
24 86
24 87
24 88
24 89
24 90
24 91
24 93
24 94
24 95
25 26
25 28
25 29
25 30
25 34
25 35
25 37
25 38
25 40
25 41
25 42
25 43
25 44
25 45
25 47
25 48
25 49
25 50
25 51
25 52
25 54
25 55
25 56
25 57
25 59
25 61
25 63
25 65
25 66
25 67
25 68
25 69
25 70
25 71
25 72
25 73
25 74
25 75
25 78
25 79
25 80
25 81
25 84
25 85
25 89
25 93
25 95
25 97
25 98
25 99
26 27
26 29
26 31
26 32
26 33
26 34
26 35
26 37
26 38
26 40
26 41
26 42
26 43
26 44
26 46
26 47
26 48
26 49
26 51
26 52
26 55
26 56
26 58
26 59
26 61
26 62
26 64
26 65
26 66
26 67
26 68
26 69
26 71
26 72
26 73
26 74
26 75
26 76
26 78
26 80
26 81
26 82
26 83
26 84
26 85
26 86
26 87
26 88
26 90
26 92
26 93
26 94
26 98
26 99
26 100
27 28
27 29
27 30
27 31
27 33
27 34
27 35
27 36
27 38
27 39
27 40
27 41
27 42
27 43
27 44
27 46
27 49
27 50
27 51
27 52
27 53
27 54
27 55
27 57
27 58
27 60
27 61
27 62
27 63
27 64
27 66
27 68
27 69
27 70
27 72
27 73
27 75
27 78
27 79
27 80
27 81
27 82
27 83
27 84
27 85
27 86
27 87
27 88
27 89
27 90
27 91
27 94
27 95
27 97
27 98
27 99
28 29
28 30
28 31
28 32
28 34
28 35
28 37
28 38
28 39
28 40
28 41
28 43
28 45
28 46
28 49
28 51
28 52
28 53
28 54
28 56
28 59
28 60
28 61
28 63
28 64
28 65
28 66
28 70
28 72
28 74
28 75
28 76
28 77
28 79
28 80
28 81
28 83
28 84
28 85
28 89
28 90
28 92
28 93
28 94
28 96
28 98
28 100
29 30
29 32
29 33
29 36
29 37
29 38
29 39
29 40
29 42
29 45
29 46
29 48
29 53
29 54
29 56
29 57
29 58
29 60
29 62
29 64
29 65
29 66
29 67
29 68
29 70
29 71
29 72
29 73
29 74
29 75
29 76
29 77
29 79
29 83
29 85
29 88
29 90
29 92
29 93
29 94
29 95
29 96
29 98
29 99
29 100
30 31
30 32
30 33
30 34
30 36
30 38
30 39
30 41
30 44
30 45
30 47
30 48
30 49
30 50
30 53
30 56
30 57
30 60
30 61
30 63
30 64
30 65
30 66
30 67
30 68
30 69
30 70
30 73
30 74
30 75
30 76
30 78
30 79
30 80
30 81
30 82
30 83
30 85
30 86
30 87
30 88
30 91
30 92
30 93
30 94
30 95
30 96
30 97
30 98
31 32
31 34
31 35
31 36
31 37
31 39
31 40
31 41
31 42
31 43
31 45
31 46
31 47
31 48
31 49
31 50
31 51
31 56
31 57
31 58
31 59
31 60
31 62
31 63
31 64
31 65
31 66
31 67
31 68
31 69
31 70
31 71
31 72
31 73
31 78
31 82
31 84
31 85
31 86
31 90
31 91
31 92
31 94
31 95
31 96
31 97
31 98
32 33
32 35
32 36
32 41
32 42
32 43
32 44
32 46
32 47
32 48
32 49
32 50
32 51
32 53
32 56
32 57
32 59
32 60
32 61
32 62
32 63
32 64
32 65
32 66
32 67
32 68
32 69
32 70
32 71
32 72
32 73
32 76
32 77
32 78
32 79
32 80
32 81
32 82
32 84
32 86
32 87
32 88
32 89
32 91
32 93
32 96
32 97
33 34
33 35
33 38
33 40
33 42
33 43
33 44
33 46
33 47
33 48
33 49
33 50
33 51
33 52
33 53
33 54
33 55
33 58
33 59
33 60
33 62
33 63
33 64
33 65
33 66
33 69
33 72
33 73
33 74
33 75
33 77
33 79
33 80
33 81
33 82
33 84
33 85
33 86
33 87
33 88
33 89
33 90
33 91
33 92
33 93
33 94
33 95
33 96
33 99
34 35
34 36
34 37
34 39
34 40
34 42
34 43
34 44
34 45
34 48
34 50
34 51
34 52
34 55
34 57
34 58
34 59
34 64
34 65
34 67
34 68
34 73
34 74
34 75
34 76
34 77
34 79
34 80
34 81
34 82
34 83
34 84
34 85
34 86
34 89
34 90
34 94
34 95
34 96
34 97
34 99
34 100
35 36
35 37
35 38
35 40
35 41
35 42
35 43
35 44
35 45
35 47
35 48
35 52
35 54
35 55
35 57
35 58
35 59
35 61
35 62
35 64
35 65
35 66
35 67
35 68
35 70
35 71
35 72
35 73
35 75
35 76
35 77
35 78
35 79
35 80
35 82
35 83
35 84
35 85
35 86
35 87
35 89
35 90
35 91
35 92
35 94
35 95
35 96
35 97
35 98
35 99
35 100
36 37
36 38
36 39
36 40
36 41
36 42
36 43
36 44
36 47
36 48
36 50
36 51
36 52
36 53
36 54
36 55
36 57
36 58
36 60
36 61
36 62
36 64
36 65
36 67
36 68
36 69
36 70
36 71
36 73
36 74
36 75
36 76
36 78
36 79
36 80
36 81
36 82
36 84
36 86
36 87
36 88
36 89
36 90
36 91
36 94
36 95
36 98
36 99
37 38
37 39
37 41
37 42
37 44
37 45
37 46
37 47
37 49
37 50
37 51
37 52
37 54
37 59
37 60
37 61
37 63
37 64
37 65
37 66
37 67
37 68
37 69
37 71
37 72
37 74
37 75
37 76
37 77
37 78
37 79
37 82
37 83
37 84
37 85
37 86
37 87
37 89
37 91
37 92
37 93
37 95
37 96
37 98
37 99
37 100
38 39
38 43
38 45
38 46
38 47
38 48
38 49
38 50
38 51
38 52
38 53
38 54
38 55
38 56
38 57
38 59
38 60
38 61
38 63
38 64
38 65
38 67
38 68
38 70
38 71
38 72
38 73
38 74
38 76
38 77
38 78
38 80
38 81
38 84
38 85
38 86
38 88
38 90
38 91
38 93
38 95
38 96
38 98
38 99
39 40
39 41
39 42
39 43
39 44
39 45
39 46
39 48
39 49
39 50
39 51
39 52
39 58
39 59
39 60
39 62
39 63
39 64
39 65
39 66
39 68
39 70
39 71
39 72
39 75
39 77
39 78
39 80
39 82
39 84
39 86
39 87
39 89
39 91
39 92
39 94
39 95
39 96
39 97
39 98
39 99
39 100
40 41
40 42
40 43
40 44
40 45
40 47
40 49
40 51
40 53
40 54
40 56
40 59
40 61
40 62
40 63
40 64
40 66
40 67
40 68
40 70
40 71
40 72
40 75
40 76
40 77
40 78
40 79
40 80
40 81
40 82
40 83
40 85
40 86
40 87
40 88
40 89
40 93
40 94
40 95
40 96
40 97
40 98
41 42
41 43
41 44
41 45
41 46
41 47
41 48
41 49
41 51
41 52
41 53
41 54
41 55
41 56
41 57
41 59
41 62
41 63
41 64
41 65
41 66
41 67
41 68
41 69
41 70
41 71
41 72
41 76
41 77
41 78
41 80
41 81
41 85
41 86
41 88
41 89
41 90
41 91
41 93
41 94
41 97
41 98
42 43
42 46
42 47
42 48
42 49
42 50
42 51
42 52
42 53
42 54
42 56
42 57
42 58
42 60
42 61
42 62
42 63
42 64
42 65
42 66
42 69
42 70
42 71
42 72
42 74
42 75
42 76
42 77
42 78
42 79
42 81
42 82
42 83
42 86
42 87
42 88
42 91
42 92
42 93
42 95
42 97
42 98
42 99
43 44
43 45
43 47
43 48
43 49
43 50
43 51
43 53
43 54
43 55
43 57
43 58
43 59
43 60
43 61
43 62
43 63
43 64
43 65
43 68
43 70
43 71
43 73
43 74
43 75
43 77
43 78
43 79
43 80
43 81
43 84
43 87
43 88
43 89
43 90
43 91
43 92
43 94
43 95
43 96
43 97
43 98
43 99
44 45
44 46
44 47
44 48
44 49
44 50
44 51
44 52
44 54
44 55
44 57
44 58
44 59
44 61
44 62
44 64
44 65
44 68
44 69
44 70
44 73
44 74
44 77
44 78
44 79
44 81
44 83
44 86
44 88
44 89
44 90
44 92
44 93
44 94
44 95
44 98
44 99
44 100
45 46
45 47
45 48
45 50
45 53
45 54
45 55
45 58
45 59
45 65
45 66
45 67
45 68
45 69
45 70
45 71
45 72
45 75
45 76
45 77
45 78
45 79
45 80
45 81
45 82
45 85
45 87
45 88
45 90
45 91
45 92
45 93
45 94
45 95
45 96
45 97
45 98
45 99
45 100
46 47
46 49
46 50
46 51
46 52
46 53
46 54
46 56
46 57
46 59
46 60
46 65
46 66
46 67
46 68
46 69
46 71
46 72
46 74
46 75
46 77
46 78
46 79
46 80
46 81
46 84
46 85
46 87
46 91
46 93
46 94
46 95
46 96
46 98
46 99
46 100
47 48
47 49
47 50
47 51
47 52
47 54
47 55
47 58
47 60
47 61
47 63
47 64
47 65
47 66
47 67
47 72
47 75
47 78
47 79
47 84
47 85
47 86
47 87
47 88
47 89
47 90
47 91
47 92
47 97
47 98
47 100
48 49
48 50
48 52
48 53
48 55
48 57
48 58
48 59
48 60
48 61
48 62
48 63
48 67
48 68
48 70
48 71
48 73
48 74
48 76
48 77
48 78
48 79
48 80
48 82
48 83
48 84
48 88
48 89
48 91
48 93
48 95
48 96
48 97
48 99
48 100
49 50
49 51
49 52
49 53
49 55
49 57
49 58
49 59
49 62
49 63
49 64
49 65
49 66
49 67
49 68
49 69
49 70
49 71
49 72
49 73
49 74
49 76
49 77
49 78
49 79
49 81
49 84
49 85
49 87
49 88
49 89
49 90
49 91
49 92
49 93
49 94
49 96
49 97
49 98
49 100
50 51
50 52
50 53
50 55
50 56
50 57
50 58
50 59
50 60
50 61
50 62
50 63
50 65
50 68
50 70
50 71
50 72
50 73
50 74
50 75
50 76
50 77
50 78
50 80
50 81
50 82
50 83
50 84
50 85
50 86
50 87
50 88
50 90
50 91
50 92
50 94
50 96
50 97
50 98
50 99
51 52
51 55
51 56
51 57
51 59
51 60
51 61
51 62
51 63
51 66
51 67
51 68
51 69
51 70
51 71
51 72
51 73
51 74
51 75
51 76
51 77
51 78
51 80
51 81
51 83
51 86
51 87
51 88
51 91
51 92
51 93
51 95
51 97
51 99
52 53
52 55
52 56
52 57
52 58
52 59
52 60
52 63
52 64
52 65
52 66
52 67
52 68
52 69
52 70
52 71
52 72
52 75
52 76
52 77
52 78
52 79
52 80
52 82
52 83
52 84
52 85
52 87
52 88
52 89
52 91
52 92
52 93
52 94
52 95
52 97
52 99
52 100
53 54
53 55
53 56
53 57
53 59
53 60
53 61
53 62
53 64
53 66
53 67
53 68
53 69
53 70
53 71
53 72
53 73
53 74
53 75
53 76
53 77
53 78
53 79
53 80
53 81
53 82
53 83
53 85
53 86
53 87
53 88
53 90
53 91
53 93
53 94
53 95
53 96
53 97
53 98
53 99
54 55
54 56
54 57
54 58
54 59
54 60
54 61
54 62
54 63
54 66
54 67
54 69
54 70
54 71
54 75
54 77
54 78
54 79
54 80
54 83
54 84
54 85
54 86
54 88
54 89
54 90
54 92
54 95
54 96
54 97
54 98
54 100
55 56
55 57
55 58
55 59
55 60
55 61
55 62
55 63
55 65
55 67
55 70
55 71
55 72
55 73
55 74
55 76
55 77
55 80
55 81
55 82
55 83
55 86
55 87
55 88
55 92
55 93
55 94
55 95
55 96
55 98
55 99
56 57
56 59
56 60
56 61
56 62
56 63
56 66
56 67
56 68
56 69
56 74
56 75
56 76
56 77
56 78
56 79
56 80
56 82
56 84
56 85
56 86
56 87
56 88
56 90
56 91
56 92
56 93
56 94
56 95
56 98
56 99
57 58
57 59
57 61
57 63
57 65
57 67
57 68
57 69
57 70
57 72
57 75
57 77
57 78
57 79
57 80
57 81
57 82
57 83
57 84
57 85
57 86
57 87
57 89
57 90
57 91
57 92
57 93
57 95
57 96
57 97
57 98
57 99
57 100
58 59
58 65
58 66
58 67
58 68
58 69
58 70
58 71
58 73
58 74
58 75
58 77
58 78
58 79
58 80
58 81
58 82
58 85
58 86
58 87
58 88
58 89
58 90
58 91
58 93
58 94
58 95
59 60
59 61
59 62
59 63
59 64
59 65
59 66
59 67
59 68
59 70
59 71
59 74
59 75
59 78
59 79
59 80
59 81
59 82
59 83
59 84
59 85
59 88
59 92
59 93
59 94
59 95
59 96
59 97
59 98
60 61
60 62
60 63
60 64
60 65
60 66
60 69
60 70
60 71
60 72
60 73
60 74
60 77
60 78
60 80
60 81
60 82
60 83
60 85
60 86
60 87
60 88
60 95
60 96
60 98
61 62
61 64
61 65
61 67
61 68
61 69
61 70
61 73
61 74
61 77
61 78
61 79
61 80
61 81
61 82
61 83
61 84
61 85
61 86
61 89
61 90
61 91
61 92
61 94
61 95
61 96
62 63
62 65
62 68
62 69
62 70
62 72
62 74
62 77
62 78
62 79
62 80
62 82
62 83
62 84
62 86
62 88
62 90
62 91
62 92
62 94
62 95
62 97
62 99
63 64
63 65
63 66
63 69
63 70
63 71
63 72
63 73
63 74
63 77
63 78
63 79
63 80
63 81
63 82
63 84
63 86
63 87
63 88
63 90
63 93
63 95
63 97
63 98
64 65
64 67
64 69
64 70
64 71
64 75
64 76
64 77
64 80
64 81
64 84
64 85
64 86
64 87
64 88
64 89
64 90
64 91
64 92
64 93
64 94
64 96
64 97
65 66
65 67
65 70
65 72
65 73
65 75
65 76
65 78
65 81
65 82
65 83
65 86
65 87
65 88
65 89
65 90
65 91
65 92
65 93
65 94
65 95
65 96
65 98
65 99
66 67
66 68
66 69
66 71
66 73
66 75
66 76
66 78
66 80
66 81
66 84
66 86
66 87
66 89
66 90
66 92
66 94
66 95
66 96
66 98
66 99
67 68
67 70
67 72
67 73
67 76
67 77
67 78
67 79
67 81
67 82
67 83
67 84
67 86
67 87
67 89
67 90
67 91
67 92
67 93
67 94
67 96
67 98
67 99
67 100
68 69
68 71
68 72
68 73
68 74
68 75
68 76
68 77
68 78
68 81
68 82
68 83
68 86
68 88
68 91
68 92
68 93
68 94
68 95
68 97
68 98
68 99
68 100
69 70
69 72
69 73
69 74
69 75
69 78
69 79
69 80
69 81
69 82
69 83
69 84
69 85
69 86
69 87
69 88
69 89
69 91
69 92
69 94
69 95
69 96
69 98
70 71
70 72
70 74
70 75
70 77
70 78
70 79
70 80
70 81
70 83
70 84
70 87
70 88
70 89
70 92
70 93
70 94
70 95
70 96
70 97
70 99
70 100
71 72
71 73
71 74
71 75
71 76
71 77
71 80
71 82
71 83
71 86
71 87
71 88
71 91
71 92
71 93
71 94
71 95
71 96
71 98
72 73
72 77
72 80
72 81
72 83
72 84
72 85
72 86
72 87
72 88
72 92
72 93
72 94
72 95
72 98
72 100
73 74
73 76
73 77
73 78
73 80
73 81
73 83
73 84
73 88
73 91
73 92
73 93
73 94
73 95
73 96
74 75
74 76
74 78
74 79
74 80
74 81
74 82
74 84
74 87
74 88
74 89
74 91
74 93
74 94
74 95
74 97
74 99
75 76
75 78
75 79
75 80
75 81
75 83
75 84
75 86
75 87
75 89
75 90
75 91
75 92
75 93
75 94
75 96
75 97
75 99
75 100
76 77
76 78
76 79
76 80
76 82
76 83
76 84
76 85
76 86
76 87
76 88
76 89
76 90
76 92
76 94
76 96
76 97
76 98
76 99
77 78
77 79
77 81
77 85
77 86
77 87
77 88
77 89
77 90
77 91
77 92
77 94
77 95
77 97
77 98
77 99
78 79
78 80
78 81
78 82
78 83
78 84
78 85
78 86
78 90
78 91
78 92
78 93
78 94
78 97
78 99
78 100
79 80
79 81
79 83
79 86
79 87
79 91
79 93
79 94
79 96
79 98
79 99
79 100
80 81
80 82
80 83
80 84
80 85
80 86
80 87
80 88
80 89
80 90
80 91
80 92
80 93
80 94
80 95
80 96
80 97
81 82
81 85
81 86
81 87
81 88
81 89
81 90
81 91
81 93
81 94
81 96
81 99
82 83
82 85
82 86
82 87
82 89
82 90
82 92
82 94
82 95
82 96
82 98
82 100
83 84
83 85
83 87
83 88
83 89
83 90
83 91
83 93
83 94
83 95
83 97
84 85
84 86
84 87
84 92
84 95
84 96
84 97
84 100
85 86
85 87
85 88
85 90
85 92
85 94
85 95
85 97
85 98
86 87
86 90
86 93
86 95
86 97
86 98
86 99
86 100
87 88
87 90
87 91
87 92
87 93
87 94
87 95
87 97
87 98
87 99
88 89
88 90
88 93
88 94
88 97
88 98
88 99
88 100
89 90
89 91
89 92
89 95
89 96
89 98
89 100
90 91
90 92
90 93
90 94
90 95
90 96
90 97
90 98
91 92
91 95
91 96
91 97
91 98
92 93
92 94
92 96
92 97
92 98
92 99
93 94
93 96
93 97
93 98
93 99
94 95
94 96
94 97
94 98
94 99
94 100
95 96
95 97
95 100
96 97
96 99
96 100
97 98
97 99
98 99
98 100
99 100
