100 2475
1 2
1 11
1 16
1 25
1 26
1 31
1 35
1 41
1 44
1 47
1 57
1 58
1 59
1 62
1 68
1 83
1 87
1 90
1 91
1 95
1 99
2 3
2 7
2 8
2 9
2 10
2 13
2 23
2 24
2 25
2 26
2 27
2 28
2 30
2 31
2 32
2 37
2 39
2 41
2 43
2 44
2 45
2 47
2 49
2 51
2 53
2 54
2 55
2 56
2 59
2 60
2 66
2 69
2 71
2 72
2 73
2 76
2 77
2 78
2 81
2 82
2 83
2 85
2 86
2 87
2 88
2 90
2 91
2 93
2 94
2 95
2 96
2 98
2 100
3 4
3 8
3 11
3 13
3 15
3 17
3 18
3 19
3 22
3 23
3 25
3 27
3 33
3 34
3 35
3 36
3 41
3 43
3 44
3 45
3 51
3 53
3 56
3 57
3 62
3 65
3 67
3 69
3 70
3 73
3 74
3 79
3 80
3 81
3 85
3 86
3 87
3 88
3 89
3 92
3 95
3 96
3 97
3 98
3 99
4 5
4 6
4 11
4 14
4 15
4 20
4 22
4 24
4 25
4 28
4 30
4 31
4 32
4 33
4 34
4 35
4 36
4 37
4 38
4 40
4 42
4 43
4 45
4 46
4 50
4 53
4 57
4 65
4 67
4 68
4 69
4 70
4 73
4 76
4 79
4 80
4 82
4 84
4 85
4 87
4 94
4 95
5 6
5 7
5 8
5 9
5 10
5 13
5 15
5 16
5 20
5 24
5 26
5 27
5 29
5 30
5 31
5 32
5 34
5 35
5 36
5 37
5 39
5 42
5 46
5 47
5 48
5 53
5 56
5 57
5 63
5 64
5 65
5 68
5 71
5 72
5 73
5 76
5 78
5 80
5 82
5 83
5 84
5 86
5 88
5 89
5 90
5 91
5 92
5 95
6 7
6 8
6 15
6 16
6 18
6 22
6 23
6 24
6 25
6 26
6 30
6 32
6 33
6 34
6 35
6 36
6 38
6 40
6 43
6 44
6 47
6 53
6 55
6 58
6 60
6 61
6 65
6 66
6 68
6 69
6 71
6 72
6 75
6 76
6 77
6 81
6 83
6 85
6 86
6 87
6 92
6 93
6 94
6 95
6 96
6 98
6 99
7 8
7 9
7 10
7 11
7 12
7 14
7 15
7 16
7 19
7 20
7 24
7 27
7 29
7 30
7 33
7 34
7 36
7 39
7 40
7 42
7 43
7 44
7 47
7 49
7 50
7 51
7 52
7 53
7 57
7 59
7 60
7 63
7 64
7 67
7 72
7 73
7 77
7 82
7 87
7 89
7 91
7 92
7 93
7 95
8 9
8 11
8 14
8 19
8 26
8 27
8 28
8 29
8 32
8 34
8 35
8 36
8 37
8 39
8 41
8 44
8 47
8 49
8 50
8 53
8 54
8 55
8 56
8 57
8 60
8 62
8 65
8 67
8 68
8 69
8 74
8 76
8 79
8 81
8 83
8 86
8 87
8 88
8 89
8 90
8 93
8 95
8 96
8 97
8 98
8 99
9 10
9 11
9 12
9 14
9 15
9 16
9 18
9 21
9 22
9 24
9 25
9 27
9 29
9 30
9 32
9 34
9 35
9 38
9 46
9 51
9 53
9 54
9 56
9 57
9 58
9 59
9 60
9 61
9 62
9 68
9 72
9 74
9 76
9 78
9 79
9 84
9 88
9 89
9 94
9 97
9 99
9 100
10 11
10 15
10 18
10 19
10 20
10 22
10 23
10 27
10 30
10 31
10 38
10 39
10 41
10 42
10 43
10 44
10 45
10 46
10 47
10 51
10 53
10 56
10 57
10 60
10 61
10 62
10 65
10 66
10 67
10 68
10 71
10 72
10 74
10 77
10 79
10 81
10 83
10 90
10 92
10 94
10 95
10 97
11 12
11 15
11 17
11 20
11 21
11 23
11 25
11 26
11 29
11 30
11 31
11 34
11 35
11 37
11 38
11 39
11 42
11 43
11 44
11 45
11 46
11 47
11 48
11 49
11 50
11 54
11 57
11 58
11 59
11 61
11 62
11 63
11 64
11 65
11 66
11 67
11 70
11 71
11 73
11 75
11 77
11 80
11 82
11 83
11 84
11 86
11 90
11 96
11 98
11 99
12 13
12 14
12 17
12 18
12 19
12 20
12 21
12 30
12 32
12 34
12 37
12 38
12 44
12 49
12 51
12 52
12 53
12 54
12 55
12 57
12 58
12 61
12 63
12 65
12 66
12 67
12 68
12 71
12 74
12 75
12 76
12 78
12 81
12 83
12 85
12 86
12 87
12 94
12 95
12 97
12 99
13 14
13 18
13 20
13 21
13 23
13 28
13 29
13 30
13 31
13 32
13 33
13 36
13 38
13 39
13 42
13 43
13 45
13 48
13 49
13 50
13 52
13 53
13 54
13 55
13 56
13 58
13 59
13 60
13 61
13 62
13 65
13 68
13 69
13 70
13 72
13 73
13 75
13 76
13 82
13 84
13 87
13 90
13 94
13 95
13 96
13 97
14 15
14 18
14 19
14 22
14 23
14 25
14 26
14 28
14 30
14 34
14 35
14 36
14 37
14 40
14 43
14 44
14 45
14 46
14 47
14 48
14 50
14 52
14 53
14 56
14 58
14 61
14 62
14 64
14 65
14 66
14 67
14 68
14 69
14 73
14 74
14 78
14 81
14 82
14 83
14 84
14 85
14 90
14 91
14 94
14 95
14 96
14 98
14 99
15 16
15 17
15 18
15 19
15 20
15 22
15 23
15 24
15 25
15 29
15 30
15 32
15 33
15 34
15 35
15 37
15 38
15 39
15 42
15 43
15 46
15 48
15 49
15 50
15 51
15 52
15 53
15 60
15 61
15 62
15 63
15 64
15 66
15 70
15 78
15 80
15 82
15 83
15 84
15 85
15 88
15 89
15 90
15 93
15 94
15 96
15 97
15 98
16 17
16 18
16 20
16 21
16 23
16 25
16 27
16 28
16 29
16 30
16 32
16 33
16 36
16 44
16 45
16 46
16 47
16 48
16 51
16 52
16 55
16 56
16 57
16 58
16 60
16 61
16 63
16 66
16 67
16 68
16 70
16 72
16 73
16 74
16 75
16 76
16 78
16 79
16 80
16 81
16 82
16 87
16 88
16 98
16 99
17 18
17 19
17 27
17 29
17 30
17 33
17 35
17 36
17 39
17 40
17 44
17 48
17 49
17 50
17 51
17 52
17 54
17 57
17 58
17 59
17 60
17 61
17 63
17 64
17 65
17 66
17 68
17 70
17 74
17 77
17 79
17 81
17 82
17 83
17 87
17 89
17 90
17 94
17 97
17 98
17 99
17 100
18 19
18 21
18 28
18 29
18 30
18 31
18 35
18 36
18 37
18 40
18 42
18 44
18 45
18 46
18 47
18 52
18 64
18 66
18 67
18 70
18 71
18 73
18 77
18 78
18 79
18 80
18 83
18 86
18 88
18 90
18 91
18 94
18 95
18 96
18 98
19 20
19 21
19 22
19 23
19 24
19 26
19 27
19 29
19 31
19 32
19 33
19 35
19 40
19 41
19 43
19 44
19 47
19 49
19 50
19 52
19 53
19 55
19 56
19 59
19 60
19 61
19 63
19 64
19 65
19 71
19 74
19 75
19 77
19 79
19 85
19 86
19 87
19 89
19 91
19 92
19 95
19 96
19 97
19 100
20 21
20 22
20 23
20 24
20 25
20 26
20 28
20 29
20 30
20 35
20 37
20 42
20 45
20 46
20 48
20 57
20 59
20 61
20 65
20 72
20 73
20 81
20 85
20 86
20 87
20 90
20 95
20 97
20 99
21 22
21 23
21 25
21 27
21 32
21 36
21 37
21 39
21 40
21 41
21 43
21 44
21 46
21 47
21 55
21 57
21 58
21 60
21 62
21 67
21 69
21 71
21 72
21 73
21 74
21 76
21 77
21 83
21 84
21 91
21 93
21 94
21 97
21 98
21 99
22 23
22 24
22 25
22 26
22 27
22 28
22 29
22 30
22 32
22 36
22 37
22 41
22 45
22 46
22 50
22 51
22 53
22 55
22 56
22 58
22 60
22 61
22 62
22 64
22 65
22 66
22 68
22 69
22 70
22 71
22 73
22 76
22 78
22 79
22 80
22 85
22 86
22 88
22 89
22 94
22 95
22 96
22 97
22 98
23 24
23 27
23 28
23 29
23 32
23 33
23 37
23 38
23 39
23 41
23 42
23 43
23 47
23 48
23 50
23 51
23 54
23 57
23 59
23 60
23 62
23 69
23 70
23 75
23 76
23 80
23 84
23 86
23 88
23 89
23 90
23 92
23 94
23 100
24 25
24 26
24 28
24 29
24 32
24 33
24 34
24 36
24 39
24 42
24 43
24 44
24 48
24 50
24 53
24 54
24 55
24 56
24 63
24 65
24 66
24 69
24 70
24 73
24 75
24 78
24 79
24 80
24 82
24 83
24 84
24 85
24 88
24 89
24 90
24 91
24 93
24 94
24 95
24 96
24 98
25 26
25 30
25 35
25 37
25 42
25 43
25 44
25 47
25 48
25 50
25 55
25 56
25 57
25 58
25 59
25 60
25 61
25 62
25 69
25 71
25 73
25 76
25 78
25 79
25 81
25 86
25 89
25 90
25 91
25 92
25 94
25 95
25 97
25 98
25 99
26 27
26 34
26 36
26 38
26 42
26 44
26 45
26 46
26 47
26 48
26 49
26 50
26 51
26 56
26 57
26 59
26 61
26 64
26 65
26 68
26 70
26 73
26 74
26 75
26 79
26 80
26 81
26 82
26 83
26 84
26 86
26 88
26 89
26 90
26 91
26 92
26 93
26 94
26 95
26 96
26 97
26 99
27 28
27 29
27 34
27 38
27 39
27 41
27 42
27 44
27 46
27 48
27 50
27 53
27 58
27 60
27 61
27 62
27 63
27 67
27 70
27 75
27 76
27 77
27 80
27 82
27 83
27 84
27 85
27 86
27 91
27 92
27 95
28 29
28 30
28 33
28 34
28 36
28 37
28 38
28 39
28 42
28 51
28 53
28 56
28 57
28 59
28 60
28 61
28 63
28 64
28 65
28 70
28 71
28 72
28 76
28 77
28 78
28 81
28 82
28 83
28 84
28 85
28 88
28 89
28 90
28 91
28 93
28 97
28 99
28 100
29 30
29 31
29 32
29 33
29 36
29 37
29 40
29 41
29 42
29 43
29 44
29 47
29 48
29 49
29 53
29 55
29 56
29 58
29 59
29 60
29 62
29 63
29 64
29 65
29 70
29 71
29 72
29 73
29 74
29 75
29 80
29 81
29 84
29 86
29 87
29 89
29 90
29 92
29 95
29 96
29 97
29 100
30 31
30 35
30 37
30 41
30 42
30 43
30 44
30 46
30 47
30 48
30 50
30 51
30 52
30 53
30 55
30 62
30 64
30 65
30 66
30 71
30 72
30 74
30 75
30 76
30 80
30 82
30 84
30 85
30 89
30 90
30 98
31 32
31 33
31 35
31 36
31 37
31 41
31 44
31 48
31 51
31 54
31 55
31 57
31 58
31 61
31 66
31 69
31 70
31 71
31 73
31 77
31 79
31 82
31 84
31 85
31 86
31 88
31 91
31 93
31 94
31 95
31 99
32 33
32 39
32 40
32 42
32 45
32 47
32 48
32 49
32 51
32 52
32 53
32 55
32 60
32 63
32 67
32 68
32 69
32 70
32 71
32 72
32 74
32 77
32 80
32 81
32 83
32 84
32 85
32 87
32 89
32 90
32 91
32 92
32 93
32 95
32 96
32 97
33 34
33 36
33 37
33 40
33 41
33 43
33 44
33 46
33 47
33 48
33 50
33 52
33 53
33 54
33 56
33 60
33 61
33 64
33 69
33 74
33 75
33 76
33 77
33 78
33 80
33 82
33 83
33 84
33 85
33 86
33 87
33 89
33 91
33 93
33 96
33 98
34 35
34 36
34 37
34 39
34 40
34 41
34 42
34 45
34 46
34 47
34 49
34 50
34 53
34 56
34 59
34 61
34 65
34 66
34 68
34 69
34 70
34 71
34 73
34 74
34 75
34 76
34 78
34 80
34 81
34 82
34 84
34 86
34 87
34 88
34 89
34 90
34 94
34 96
34 99
35 36
35 37
35 39
35 40
35 42
35 44
35 45
35 46
35 49
35 56
35 58
35 60
35 61
35 65
35 69
35 71
35 72
35 73
35 76
35 80
35 83
35 88
35 90
35 93
35 96
35 99
35 100
36 37
36 38
36 40
36 41
36 43
36 47
36 48
36 52
36 54
36 55
36 57
36 58
36 59
36 61
36 63
36 64
36 66
36 68
36 69
36 70
36 72
36 74
36 75
36 76
36 80
36 81
36 82
36 85
36 86
36 87
36 88
36 89
36 91
36 93
36 96
36 97
36 99
37 38
37 39
37 41
37 42
37 45
37 47
37 48
37 49
37 50
37 51
37 55
37 56
37 57
37 58
37 59
37 62
37 63
37 65
37 66
37 69
37 70
37 71
37 73
37 74
37 75
37 76
37 80
37 83
37 85
37 89
37 90
37 91
37 95
37 96
37 98
38 39
38 41
38 42
38 43
38 44
38 45
38 46
38 47
38 48
38 50
38 51
38 52
38 53
38 56
38 58
38 59
38 60
38 61
38 63
38 64
38 66
38 70
38 71
38 72
38 74
38 75
38 79
38 80
38 83
38 84
38 86
38 87
38 88
38 92
38 94
38 95
38 98
38 99
39 40
39 42
39 43
39 45
39 47
39 50
39 53
39 54
39 56
39 59
39 60
39 62
39 63
39 65
39 66
39 69
39 71
39 74
39 77
39 78
39 80
39 87
39 88
39 89
39 91
39 92
39 95
39 96
40 41
40 44
40 49
40 50
40 51
40 55
40 57
40 58
40 59
40 66
40 68
40 69
40 72
40 75
40 76
40 77
40 80
40 84
40 86
40 89
40 91
40 92
40 94
40 95
40 97
40 99
41 42
41 46
41 48
41 50
41 52
41 54
41 55
41 57
41 60
41 64
41 66
41 67
41 68
41 70
41 71
41 72
41 73
41 74
41 75
41 76
41 78
41 79
41 83
41 84
41 85
41 87
41 88
41 89
41 90
41 92
41 96
42 43
42 45
42 46
42 51
42 55
42 56
42 58
42 59
42 60
42 62
42 63
42 69
42 71
42 73
42 75
42 78
42 80
42 81
42 82
42 83
42 84
42 85
42 95
42 96
42 99
43 44
43 45
43 46
43 47
43 52
43 59
43 62
43 63
43 64
43 65
43 67
43 71
43 72
43 76
43 77
43 81
43 83
43 84
43 87
43 90
43 92
43 93
43 94
43 98
43 99
44 45
44 47
44 49
44 51
44 52
44 54
44 57
44 58
44 64
44 65
44 67
44 69
44 71
44 74
44 77
44 78
44 80
44 82
44 83
44 86
44 88
44 90
44 91
44 93
44 94
44 96
45 46
45 47
45 49
45 52
45 58
45 59
45 62
45 63
45 65
45 66
45 67
45 69
45 70
45 73
45 75
45 77
45 81
45 85
45 86
45 88
45 90
45 92
45 94
45 95
45 99
46 47
46 51
46 52
46 54
46 55
46 56
46 59
46 60
46 62
46 63
46 65
46 66
46 69
46 70
46 71
46 72
46 73
46 76
46 80
46 83
46 84
46 85
46 86
46 87
46 89
46 93
46 94
46 95
46 98
46 99
47 48
47 49
47 50
47 53
47 56
47 57
47 60
47 61
47 62
47 63
47 65
47 67
47 68
47 69
47 71
47 74
47 75
47 77
47 78
47 79
47 80
47 86
47 87
47 88
47 91
47 92
47 94
47 96
48 49
48 52
48 55
48 56
48 57
48 58
48 59
48 61
48 65
48 67
48 68
48 70
48 71
48 73
48 75
48 77
48 78
48 80
48 81
48 82
48 83
48 94
48 95
48 96
49 50
49 51
49 55
49 56
49 57
49 58
49 59
49 61
49 62
49 63
49 65
49 69
49 70
49 71
49 72
49 73
49 74
49 77
49 79
49 81
49 83
49 85
49 86
49 87
49 88
49 89
49 91
49 93
49 95
49 96
50 51
50 52
50 53
50 54
50 58
50 59
50 63
50 64
50 78
50 79
50 81
50 82
50 83
50 84
50 85
50 86
50 88
50 89
50 90
50 92
50 93
50 94
50 98
51 52
51 53
51 54
51 55
51 56
51 57
51 61
51 62
51 64
51 65
51 67
51 69
51 71
51 73
51 74
51 76
51 79
51 80
51 81
51 83
51 84
51 87
51 88
51 91
51 95
51 97
52 53
52 55
52 58
52 60
52 61
52 62
52 65
52 66
52 68
52 70
52 71
52 73
52 74
52 76
52 77
52 78
52 80
52 81
52 83
52 85
52 86
52 87
52 95
52 98
53 54
53 56
53 60
53 61
53 62
53 63
53 65
53 66
53 68
53 69
53 71
53 73
53 74
53 76
53 78
53 79
53 80
53 81
53 83
53 84
53 85
53 87
53 88
53 90
53 91
53 93
53 96
54 55
54 58
54 61
54 64
54 67
54 70
54 73
54 74
54 75
54 76
54 77
54 79
54 80
54 83
54 85
54 86
54 89
54 90
54 91
54 92
55 56
55 57
55 58
55 60
55 61
55 64
55 67
55 69
55 72
55 75
55 79
55 84
55 86
55 88
55 90
55 92
55 93
55 95
55 96
55 98
55 100
56 57
56 58
56 59
56 60
56 63
56 65
56 66
56 67
56 69
56 70
56 71
56 78
56 79
56 81
56 82
56 83
56 84
56 87
56 88
56 91
56 94
56 96
56 99
57 58
57 62
57 63
57 64
57 66
57 68
57 70
57 81
57 82
57 84
57 85
57 86
57 87
57 89
57 90
57 97
57 98
58 59
58 60
58 61
58 67
58 68
58 69
58 70
58 72
58 74
58 77
58 80
58 81
58 82
58 83
58 84
58 88
58 91
58 95
58 96
58 97
58 98
58 99
58 100
59 60
59 61
59 62
59 63
59 64
59 65
59 66
59 67
59 68
59 69
59 70
59 72
59 73
59 76
59 77
59 78
59 80
59 82
59 83
59 84
59 87
59 88
59 89
59 93
59 94
59 95
59 97
59 98
59 99
60 61
60 64
60 65
60 66
60 67
60 69
60 71
60 74
60 75
60 76
60 78
60 80
60 82
60 83
60 84
60 91
60 93
60 94
60 95
60 98
60 99
60 100
61 62
61 63
61 64
61 65
61 66
61 70
61 71
61 72
61 74
61 75
61 77
61 78
61 81
61 82
61 83
61 84
61 85
61 89
61 90
61 92
61 93
61 94
61 98
61 99
62 63
62 66
62 70
62 71
62 72
62 74
62 76
62 79
62 81
62 84
62 85
62 88
62 92
62 97
63 64
63 65
63 66
63 68
63 69
63 71
63 72
63 73
63 76
63 78
63 79
63 80
63 81
63 82
63 86
63 87
63 88
63 91
63 92
63 93
63 94
63 95
63 97
63 99
63 100
64 65
64 66
64 69
64 75
64 76
64 78
64 79
64 81
64 83
64 84
64 87
64 88
64 89
64 90
64 91
64 92
64 94
64 95
64 96
64 97
64 98
64 99
65 66
65 67
65 68
65 69
65 70
65 71
65 73
65 74
65 75
65 76
65 77
65 80
65 81
65 82
65 84
65 86
65 87
65 88
65 90
65 91
65 93
65 96
65 99
66 67
66 68
66 71
66 72
66 74
66 76
66 77
66 78
66 79
66 81
66 85
66 86
66 88
66 90
66 91
66 94
66 95
66 96
66 100
67 68
67 72
67 74
67 77
67 79
67 80
67 81
67 84
67 86
67 88
67 93
67 96
67 99
68 69
68 75
68 76
68 77
68 80
68 81
68 83
68 85
68 89
68 92
68 95
69 70
69 75
69 76
69 79
69 80
69 81
69 82
69 83
69 84
69 85
69 86
69 87
69 88
69 89
69 90
69 94
69 97
70 71
70 74
70 76
70 77
70 78
70 79
70 80
70 84
70 85
70 87
70 88
70 89
70 91
70 92
70 93
70 95
70 98
71 72
71 73
71 74
71 76
71 77
71 79
71 81
71 82
71 84
71 87
71 91
71 94
71 97
71 98
72 73
72 76
72 80
72 81
72 83
72 84
72 88
72 89
72 93
72 94
72 95
72 98
72 99
72 100
73 74
73 75
73 76
73 77
73 80
73 81
73 84
73 85
73 86
73 87
73 88
73 92
73 94
74 75
74 76
74 77
74 78
74 79
74 81
74 84
74 85
74 87
74 90
74 91
74 96
74 97
74 98
74 99
75 76
75 77
75 83
75 86
75 87
75 88
75 89
75 92
75 93
75 100
76 77
76 80
76 83
76 85
76 86
76 92
76 93
76 95
76 97
76 98
76 99
77 78
77 79
77 84
77 85
77 86
77 87
77 89
77 91
77 93
77 94
77 95
77 96
78 79
78 80
78 82
78 86
78 87
78 88
78 89
78 90
78 93
78 94
78 96
78 97
78 99
79 80
79 84
79 85
79 87
79 89
79 90
79 91
79 93
79 94
79 95
79 96
79 97
79 99
80 81
80 83
80 84
80 86
80 91
80 96
80 97
80 98
81 82
81 83
81 84
81 90
81 92
81 94
81 98
82 83
82 84
82 85
82 88
82 89
82 90
82 91
82 92
82 93
82 94
82 96
82 98
83 84
83 86
83 87
83 88
83 89
83 91
83 93
83 94
83 96
83 97
84 85
84 88
84 89
84 90
84 94
84 98
84 99
85 86
85 87
85 88
85 90
85 91
85 93
85 96
85 99
86 87
86 88
86 91
86 92
86 94
86 95
86 97
86 98
86 99
87 88
87 89
87 93
87 97
87 100
88 89
88 94
88 96
88 97
88 99
88 100
89 90
89 92
89 94
89 95
89 96
89 97
89 98
89 99
90 91
90 92
90 93
90 96
90 97
90 98
90 99
91 92
91 96
91 99
92 93
92 95
92 97
92 98
93 94
93 95
93 96
93 97
94 95
94 97
94 99
95 96
95 97
95 99
96 97
96 98
96 99
96 100
97 98
97 100
98 99
99 100
