120 714
1 2
1 67
1 77
1 116
2 3
2 15
2 27
2 62
2 64
2 68
2 72
2 80
2 97
2 105
2 115
3 4
3 10
3 30
3 54
3 59
3 69
3 99
3 108
4 5
4 6
4 12
4 18
4 20
4 29
4 34
4 40
4 44
4 66
4 76
4 77
4 78
4 90
4 104
4 106
4 118
5 6
5 8
5 9
5 14
5 21
5 38
5 40
5 42
5 59
5 61
5 67
5 69
5 113
6 7
6 16
6 17
6 18
6 20
6 24
6 36
6 38
6 50
6 52
6 64
6 66
6 77
6 89
6 96
6 104
6 120
7 8
7 10
7 13
7 15
7 19
7 46
7 56
7 72
7 76
7 81
7 87
7 101
7 114
8 9
8 15
8 24
8 28
8 33
8 42
8 46
8 52
8 63
8 66
8 80
8 99
8 101
9 10
9 32
9 47
9 52
9 60
9 64
9 65
9 66
9 118
10 11
10 12
10 23
10 31
10 37
10 39
10 63
10 64
10 79
10 95
10 108
11 12
11 24
11 25
11 31
11 35
11 38
11 43
11 79
11 82
11 91
11 102
12 13
12 29
12 32
12 49
12 54
12 59
12 62
12 74
12 84
12 100
12 107
12 108
13 14
13 49
13 54
13 67
13 70
13 78
13 79
13 80
13 82
13 90
13 103
13 116
14 15
14 26
14 27
14 35
14 37
14 65
14 71
14 77
14 87
14 113
14 114
15 16
15 25
15 29
15 36
15 39
15 46
15 56
15 80
15 94
15 98
15 107
15 109
15 112
16 17
16 20
16 60
16 74
16 94
16 101
17 18
17 42
17 73
17 76
17 77
17 78
17 111
17 113
18 19
18 23
18 46
18 50
18 51
18 54
18 63
18 74
18 107
19 20
19 39
19 42
19 46
19 54
19 84
19 103
19 108
19 110
19 120
20 21
20 26
20 29
20 34
20 38
20 67
20 72
20 73
20 76
20 78
20 89
20 93
20 113
20 117
21 22
21 26
21 71
21 76
21 82
21 91
21 109
22 23
22 29
22 31
22 40
22 65
22 67
22 68
22 79
22 103
23 24
23 41
23 63
23 73
23 86
23 89
23 103
23 104
23 107
23 112
24 25
24 26
24 28
24 32
24 53
24 93
24 103
24 106
24 109
24 119
25 26
25 39
25 49
25 64
25 67
25 71
25 73
25 74
25 75
25 76
25 87
25 107
25 112
26 27
26 31
26 45
26 54
26 63
26 76
26 86
26 92
26 109
26 110
26 113
26 118
27 28
27 37
27 44
27 54
27 61
27 66
27 85
27 94
27 105
28 29
28 31
28 43
28 49
28 78
28 87
28 94
28 113
28 120
29 30
29 78
29 99
29 101
29 110
29 111
30 31
30 75
30 76
30 78
30 83
30 86
30 89
30 90
30 92
31 32
31 36
31 41
31 47
31 51
31 71
31 77
31 90
31 107
32 33
32 42
32 55
32 58
32 59
32 60
32 73
33 34
33 35
33 44
33 45
33 70
33 75
33 79
33 94
34 35
34 67
34 69
34 79
34 91
34 107
34 108
35 36
35 40
35 48
35 55
35 57
35 61
35 70
35 97
35 100
35 107
35 118
36 37
36 38
36 43
36 60
36 69
36 96
36 100
36 117
37 38
37 39
37 46
37 55
37 87
37 93
37 101
37 106
37 118
38 39
38 49
38 60
38 78
38 80
38 101
38 119
39 40
39 65
39 81
40 41
40 54
40 78
40 82
40 96
40 110
41 42
41 55
41 60
41 87
41 93
41 106
41 115
41 117
42 43
42 52
42 73
42 95
42 109
43 44
43 47
43 75
43 80
43 90
43 95
43 98
43 107
43 109
44 45
44 55
44 60
44 67
44 69
44 76
44 97
44 109
44 110
44 112
44 114
45 46
45 48
45 51
45 102
45 108
46 47
46 48
46 50
46 52
46 87
46 92
46 101
46 111
47 48
47 55
47 75
47 96
47 111
47 119
48 49
48 55
48 83
48 101
48 104
48 108
48 111
49 50
49 53
49 57
49 58
49 60
49 64
49 71
49 79
49 81
49 88
49 95
49 102
49 112
49 113
49 114
49 116
50 51
50 58
50 60
50 68
50 96
50 111
51 52
51 57
51 62
51 102
51 104
51 119
52 53
52 58
52 109
52 110
53 54
53 63
53 80
53 95
53 101
53 115
54 55
54 78
54 82
54 83
54 93
54 113
55 56
55 72
55 76
55 79
55 87
55 98
55 102
55 105
55 115
55 117
56 57
56 60
56 70
56 91
56 95
56 101
56 110
57 58
57 61
57 87
57 97
58 59
58 68
58 73
58 78
58 97
58 114
58 118
59 60
59 75
59 95
59 106
59 119
60 61
60 70
60 74
60 87
60 89
60 92
60 105
60 106
61 62
61 66
61 78
61 109
61 115
61 119
62 63
62 76
62 84
62 94
62 112
62 118
62 119
63 64
63 91
63 104
63 119
63 120
64 65
64 66
64 67
64 76
64 88
64 107
64 110
65 66
65 100
65 118
65 119
66 67
66 84
66 89
67 68
67 86
67 113
68 69
68 77
68 82
68 83
68 84
68 88
68 92
68 98
68 113
68 115
68 118
69 70
69 90
69 97
70 71
70 108
71 72
71 91
71 93
71 104
71 106
72 73
72 78
72 103
72 106
72 110
73 74
73 83
73 85
73 99
73 113
73 119
73 120
74 75
74 89
75 76
75 120
76 77
76 78
76 79
76 84
76 113
76 120
77 78
77 81
77 103
77 106
77 113
78 79
78 89
78 115
78 117
78 118
79 80
79 84
79 86
79 98
79 100
79 108
79 112
80 81
80 87
80 104
80 109
80 112
81 82
81 89
81 111
82 83
82 86
82 102
83 84
83 100
83 107
84 85
84 89
84 98
84 111
85 86
85 89
86 87
86 103
86 110
87 88
87 91
88 89
88 96
88 99
89 90
90 91
90 99
90 103
91 92
91 117
92 93
92 97
92 100
92 101
93 94
93 109
94 95
94 116
95 96
95 118
96 97
97 98
97 101
97 102
97 105
97 117
98 99
99 100
99 103
100 101
100 102
100 104
100 106
101 102
101 108
101 118
102 103
103 104
103 105
103 106
104 105
105 106
106 107
106 108
106 111
107 108
108 109
109 110
110 111
111 112
111 116
112 113
112 116
113 114
114 115
115 116
116 117
117 118
118 119
119 120
