120 3570
1 2
1 3
1 4
1 6
1 10
1 11
1 13
1 15
1 26
1 29
1 30
1 34
1 35
1 37
1 38
1 47
1 49
1 52
1 56
1 60
1 65
1 67
1 71
1 72
1 73
1 81
1 82
1 84
1 88
1 89
1 91
1 95
1 96
1 98
1 101
1 103
1 104
1 106
1 107
1 108
1 111
2 3
2 4
2 5
2 7
2 8
2 10
2 12
2 14
2 16
2 19
2 20
2 22
2 23
2 24
2 26
2 29
2 30
2 34
2 36
2 37
2 38
2 40
2 41
2 47
2 48
2 49
2 50
2 52
2 58
2 59
2 60
2 63
2 64
2 65
2 66
2 68
2 70
2 72
2 74
2 76
2 79
2 80
2 82
2 83
2 84
2 86
2 87
2 88
2 89
2 91
2 94
2 99
2 104
2 106
2 107
2 108
2 110
2 111
2 112
2 116
2 119
2 120
3 4
3 5
3 6
3 11
3 13
3 14
3 15
3 17
3 18
3 19
3 24
3 26
3 29
3 31
3 32
3 34
3 38
3 39
3 40
3 42
3 47
3 48
3 50
3 53
3 54
3 55
3 57
3 58
3 59
3 67
3 68
3 69
3 70
3 71
3 72
3 73
3 76
3 80
3 81
3 82
3 83
3 85
3 89
3 90
3 92
3 93
3 98
3 100
3 101
3 103
3 105
3 108
3 109
3 110
3 115
3 119
4 5
4 6
4 8
4 10
4 13
4 16
4 17
4 18
4 19
4 20
4 21
4 22
4 23
4 24
4 25
4 26
4 28
4 35
4 36
4 39
4 41
4 44
4 46
4 47
4 48
4 49
4 50
4 51
4 55
4 57
4 58
4 59
4 62
4 63
4 65
4 69
4 70
4 73
4 74
4 76
4 77
4 80
4 81
4 82
4 83
4 84
4 85
4 87
4 88
4 89
4 90
4 91
4 92
4 94
4 97
4 98
4 99
4 102
4 104
4 105
4 110
4 111
4 113
4 115
4 119
4 120
5 6
5 8
5 9
5 10
5 11
5 12
5 13
5 17
5 18
5 19
5 20
5 23
5 24
5 26
5 28
5 30
5 31
5 34
5 35
5 37
5 38
5 41
5 42
5 47
5 53
5 54
5 55
5 56
5 57
5 58
5 60
5 61
5 62
5 64
5 65
5 66
5 70
5 73
5 76
5 78
5 80
5 81
5 87
5 88
5 90
5 92
5 93
5 94
5 95
5 101
5 102
5 103
5 107
5 109
5 110
5 111
5 113
5 114
5 115
5 116
5 118
5 120
6 7
6 8
6 13
6 14
6 15
6 16
6 19
6 20
6 21
6 23
6 25
6 27
6 28
6 36
6 41
6 43
6 44
6 45
6 47
6 49
6 51
6 52
6 56
6 60
6 61
6 65
6 67
6 68
6 70
6 71
6 74
6 75
6 81
6 85
6 86
6 87
6 89
6 90
6 92
6 95
6 97
6 101
6 103
6 112
6 113
6 117
6 119
7 8
7 11
7 12
7 13
7 14
7 15
7 18
7 20
7 21
7 22
7 24
7 25
7 28
7 35
7 37
7 39
7 41
7 43
7 45
7 46
7 48
7 49
7 52
7 53
7 56
7 57
7 61
7 62
7 64
7 66
7 68
7 69
7 70
7 72
7 74
7 75
7 77
7 78
7 80
7 82
7 84
7 88
7 91
7 92
7 93
7 94
7 95
7 96
7 97
7 98
7 99
7 101
7 103
7 109
7 110
7 113
7 115
7 116
7 118
7 119
8 9
8 13
8 14
8 16
8 17
8 18
8 19
8 20
8 22
8 25
8 26
8 30
8 31
8 34
8 36
8 38
8 39
8 40
8 41
8 42
8 45
8 46
8 48
8 49
8 50
8 52
8 53
8 58
8 60
8 61
8 62
8 63
8 65
8 67
8 70
8 71
8 72
8 73
8 74
8 75
8 79
8 82
8 85
8 86
8 87
8 90
8 91
8 92
8 93
8 94
8 98
8 99
8 103
8 105
8 111
8 112
8 114
8 115
8 117
8 118
9 10
9 13
9 16
9 17
9 19
9 21
9 25
9 26
9 29
9 31
9 36
9 37
9 38
9 40
9 43
9 44
9 48
9 49
9 50
9 52
9 53
9 55
9 56
9 58
9 60
9 61
9 63
9 68
9 69
9 74
9 75
9 77
9 78
9 79
9 80
9 83
9 85
9 86
9 87
9 93
9 94
9 96
9 97
9 98
9 102
9 104
9 105
9 106
9 108
9 109
9 110
9 114
9 115
9 118
10 11
10 14
10 15
10 16
10 17
10 18
10 21
10 23
10 24
10 25
10 26
10 27
10 29
10 30
10 33
10 34
10 35
10 38
10 39
10 40
10 41
10 42
10 50
10 51
10 52
10 54
10 57
10 62
10 67
10 68
10 69
10 71
10 76
10 78
10 79
10 80
10 82
10 91
10 94
10 100
10 101
10 102
10 103
10 104
10 105
10 113
10 117
10 118
10 119
11 12
11 15
11 16
11 18
11 20
11 23
11 25
11 26
11 29
11 35
11 36
11 38
11 39
11 41
11 42
11 43
11 48
11 49
11 50
11 53
11 55
11 56
11 57
11 60
11 62
11 67
11 69
11 70
11 74
11 77
11 78
11 80
11 81
11 86
11 90
11 93
11 94
11 96
11 97
11 98
11 99
11 103
11 105
11 106
11 109
11 112
11 113
11 115
11 117
11 119
12 13
12 18
12 20
12 21
12 23
12 31
12 34
12 37
12 39
12 40
12 43
12 45
12 46
12 47
12 55
12 56
12 60
12 63
12 65
12 66
12 68
12 72
12 77
12 78
12 79
12 82
12 83
12 85
12 88
12 89
12 91
12 92
12 93
12 95
12 101
12 102
12 103
12 109
12 110
12 112
12 114
12 117
13 14
13 15
13 17
13 19
13 20
13 21
13 25
13 27
13 29
13 32
13 35
13 37
13 40
13 42
13 43
13 46
13 53
13 54
13 55
13 57
13 60
13 63
13 69
13 71
13 72
13 74
13 78
13 79
13 80
13 81
13 86
13 88
13 89
13 90
13 93
13 94
13 97
13 98
13 100
13 103
13 105
13 107
13 110
13 111
13 114
13 115
13 116
13 118
13 119
13 120
14 15
14 18
14 21
14 23
14 24
14 26
14 27
14 28
14 32
14 34
14 35
14 41
14 42
14 46
14 48
14 49
14 51
14 52
14 53
14 56
14 60
14 61
14 66
14 69
14 71
14 72
14 75
14 76
14 77
14 80
14 81
14 83
14 85
14 87
14 88
14 90
14 94
14 95
14 96
14 99
14 102
14 103
14 104
14 110
14 111
14 113
14 114
14 116
14 118
14 119
15 16
15 20
15 21
15 22
15 27
15 30
15 37
15 38
15 40
15 41
15 42
15 47
15 49
15 51
15 53
15 58
15 59
15 60
15 61
15 63
15 65
15 66
15 67
15 68
15 71
15 72
15 83
15 84
15 85
15 86
15 87
15 89
15 90
15 92
15 95
15 96
15 99
15 100
15 101
15 103
15 105
15 107
15 110
15 111
15 112
15 115
15 118
15 119
16 17
16 21
16 24
16 28
16 29
16 31
16 32
16 36
16 37
16 41
16 45
16 46
16 48
16 49
16 50
16 53
16 54
16 58
16 66
16 68
16 70
16 71
16 73
16 75
16 76
16 77
16 78
16 79
16 80
16 83
16 84
16 87
16 89
16 91
16 93
16 100
16 104
16 106
16 108
16 110
16 112
16 113
16 116
16 117
17 18
17 19
17 21
17 25
17 27
17 28
17 29
17 33
17 34
17 36
17 38
17 42
17 43
17 44
17 47
17 48
17 49
17 51
17 54
17 56
17 57
17 59
17 64
17 66
17 68
17 69
17 74
17 75
17 77
17 78
17 82
17 84
17 85
17 87
17 89
17 90
17 95
17 102
17 103
17 105
17 106
17 107
17 109
17 110
17 111
17 112
17 114
17 116
17 117
17 119
18 19
18 20
18 22
18 23
18 24
18 25
18 26
18 28
18 33
18 34
18 36
18 39
18 42
18 43
18 47
18 48
18 49
18 50
18 51
18 52
18 53
18 54
18 56
18 58
18 60
18 61
18 62
18 63
18 65
18 66
18 67
18 68
18 69
18 71
18 73
18 74
18 75
18 76
18 84
18 87
18 89
18 90
18 92
18 93
18 94
18 95
18 96
18 98
18 99
18 100
18 101
18 103
18 105
18 106
18 109
18 111
18 114
18 116
19 20
19 22
19 24
19 28
19 29
19 30
19 31
19 36
19 37
19 39
19 40
19 41
19 42
19 43
19 45
19 46
19 52
19 53
19 57
19 66
19 70
19 73
19 74
19 77
19 80
19 81
19 82
19 83
19 86
19 89
19 90
19 91
19 93
19 94
19 101
19 102
19 104
19 105
19 108
19 110
19 115
19 119
20 21
20 24
20 27
20 29
20 30
20 31
20 32
20 34
20 44
20 46
20 48
20 50
20 51
20 53
20 54
20 57
20 58
20 59
20 64
20 66
20 70
20 71
20 72
20 75
20 76
20 77
20 82
20 84
20 86
20 89
20 90
20 93
20 94
20 95
20 101
20 104
20 106
20 110
20 111
20 113
20 115
20 116
20 117
20 118
20 120
21 22
21 23
21 25
21 27
21 28
21 30
21 31
21 33
21 34
21 35
21 38
21 40
21 41
21 45
21 46
21 48
21 49
21 50
21 51
21 52
21 55
21 58
21 61
21 62
21 64
21 66
21 68
21 73
21 74
21 75
21 76
21 77
21 78
21 82
21 84
21 85
21 87
21 89
21 90
21 99
21 101
21 103
21 104
21 105
21 106
21 108
21 109
21 111
21 112
21 113
21 118
22 23
22 27
22 29
22 30
22 33
22 34
22 35
22 36
22 40
22 41
22 42
22 43
22 44
22 46
22 47
22 48
22 50
22 51
22 52
22 55
22 56
22 60
22 61
22 64
22 65
22 67
22 70
22 72
22 74
22 75
22 76
22 77
22 78
22 80
22 81
22 85
22 86
22 88
22 89
22 90
22 91
22 92
22 93
22 95
22 100
22 101
22 102
22 103
22 104
22 110
22 117
23 24
23 27
23 30
23 31
23 32
23 33
23 35
23 36
23 41
23 43
23 44
23 45
23 46
23 47
23 48
23 49
23 51
23 52
23 53
23 54
23 56
23 57
23 58
23 61
23 62
23 63
23 64
23 65
23 66
23 67
23 68
23 69
23 73
23 74
23 76
23 77
23 78
23 79
23 80
23 81
23 83
23 84
23 85
23 86
23 87
23 88
23 89
23 91
23 92
23 93
23 94
23 95
23 96
23 97
23 101
23 103
23 104
23 105
23 106
23 107
23 109
23 115
23 116
23 117
23 118
23 119
23 120
24 25
24 26
24 28
24 29
24 32
24 34
24 38
24 42
24 43
24 46
24 52
24 54
24 55
24 56
24 58
24 60
24 64
24 65
24 68
24 70
24 71
24 72
24 75
24 78
24 81
24 84
24 87
24 88
24 89
24 90
24 91
24 93
24 94
24 100
24 101
24 102
24 104
24 107
24 108
24 111
24 112
24 114
24 117
24 118
24 120
25 26
25 30
25 31
25 32
25 33
25 37
25 38
25 39
25 41
25 42
25 49
25 50
25 52
25 53
25 54
25 55
25 56
25 57
25 58
25 59
25 61
25 64
25 67
25 69
25 71
25 76
25 78
25 82
25 83
25 88
25 91
25 93
25 95
25 97
25 98
25 99
25 101
25 105
25 108
25 109
25 111
25 114
25 115
25 119
25 120
26 27
26 28
26 33
26 34
26 35
26 36
26 38
26 40
26 41
26 46
26 47
26 48
26 50
26 51
26 52
26 54
26 55
26 56
26 59
26 60
26 61
26 62
26 67
26 69
26 70
26 71
26 75
26 76
26 78
26 79
26 80
26 82
26 83
26 87
26 90
26 91
26 94
26 97
26 98
26 99
26 100
26 105
26 106
26 107
26 108
26 110
26 114
26 115
26 117
26 119
27 28
27 29
27 30
27 32
27 33
27 34
27 35
27 38
27 41
27 44
27 47
27 48
27 49
27 50
27 52
27 56
27 60
27 61
27 63
27 64
27 65
27 67
27 70
27 71
27 72
27 73
27 76
27 78
27 79
27 80
27 84
27 86
27 87
27 91
27 92
27 94
27 95
27 96
27 97
27 98
27 100
27 102
27 103
27 105
27 106
27 109
27 110
27 111
27 113
27 114
27 115
27 116
27 118
27 119
28 29
28 30
28 31
28 32
28 36
28 37
28 38
28 39
28 40
28 45
28 50
28 53
28 54
28 55
28 56
28 58
28 59
28 60
28 61
28 62
28 64
28 71
28 72
28 73
28 76
28 77
28 80
28 82
28 85
28 86
28 89
28 90
28 92
28 93
28 94
28 95
28 98
28 100
28 102
28 103
28 104
28 108
28 112
28 113
28 114
28 115
28 118
28 120
29 30
29 31
29 32
29 35
29 36
29 37
29 41
29 42
29 43
29 45
29 47
29 49
29 51
29 52
29 53
29 54
29 55
29 57
29 58
29 59
29 60
29 61
29 62
29 67
29 70
29 74
29 75
29 80
29 82
29 83
29 84
29 86
29 89
29 90
29 92
29 95
29 96
29 97
29 99
29 102
29 103
29 105
29 109
29 110
29 111
29 112
29 113
29 116
29 117
30 31
30 32
30 33
30 34
30 36
30 38
30 39
30 40
30 41
30 43
30 45
30 46
30 47
30 48
30 50
30 53
30 55
30 56
30 59
30 62
30 63
30 65
30 67
30 71
30 75
30 77
30 78
30 79
30 82
30 83
30 85
30 86
30 87
30 90
30 93
30 95
30 97
30 100
30 103
30 104
30 113
30 114
30 119
30 120
31 32
31 33
31 34
31 38
31 42
31 45
31 49
31 51
31 56
31 58
31 60
31 61
31 63
31 64
31 66
31 68
31 69
31 70
31 76
31 77
31 78
31 81
31 82
31 84
31 85
31 86
31 89
31 90
31 91
31 94
31 96
31 98
31 99
31 100
31 102
31 103
31 105
31 107
31 108
31 116
31 118
32 33
32 36
32 37
32 43
32 44
32 45
32 48
32 50
32 52
32 54
32 55
32 56
32 57
32 59
32 60
32 61
32 64
32 65
32 70
32 71
32 74
32 75
32 77
32 85
32 86
32 87
32 90
32 94
32 95
32 98
32 99
32 100
32 101
32 102
32 105
32 107
32 112
32 113
32 115
32 116
32 118
33 34
33 41
33 42
33 45
33 46
33 47
33 48
33 49
33 50
33 54
33 55
33 56
33 57
33 60
33 62
33 66
33 67
33 68
33 69
33 70
33 71
33 73
33 75
33 76
33 78
33 79
33 80
33 86
33 87
33 91
33 92
33 93
33 94
33 96
33 102
33 104
33 105
33 107
33 108
33 110
33 111
33 112
33 113
33 114
33 120
34 35
34 42
34 46
34 47
34 48
34 51
34 52
34 56
34 57
34 65
34 68
34 69
34 72
34 77
34 78
34 80
34 81
34 84
34 85
34 88
34 94
34 95
34 96
34 97
34 99
34 101
34 103
34 104
34 105
34 106
34 107
34 108
34 109
34 115
34 117
34 119
34 120
35 36
35 38
35 42
35 43
35 45
35 47
35 49
35 52
35 53
35 55
35 57
35 59
35 60
35 63
35 64
35 65
35 66
35 68
35 69
35 75
35 78
35 80
35 81
35 84
35 91
35 93
35 94
35 99
35 101
35 104
35 106
35 109
35 110
35 113
35 114
35 116
35 117
35 119
36 37
36 38
36 42
36 43
36 48
36 50
36 53
36 54
36 55
36 56
36 57
36 58
36 62
36 64
36 65
36 67
36 73
36 74
36 76
36 78
36 80
36 84
36 86
36 88
36 90
36 91
36 93
36 95
36 96
36 97
36 98
36 99
36 101
36 107
36 108
36 110
36 111
36 112
36 117
36 118
37 38
37 39
37 40
37 45
37 46
37 47
37 49
37 52
37 56
37 58
37 59
37 60
37 61
37 62
37 63
37 65
37 66
37 69
37 70
37 73
37 76
37 78
37 80
37 82
37 83
37 85
37 86
37 87
37 88
37 91
37 92
37 93
37 94
37 95
37 96
37 97
37 98
37 99
37 100
37 101
37 103
37 106
37 112
37 119
38 39
38 43
38 44
38 45
38 50
38 51
38 56
38 57
38 61
38 62
38 65
38 69
38 71
38 72
38 74
38 77
38 81
38 82
38 84
38 85
38 86
38 87
38 88
38 89
38 92
38 95
38 96
38 97
38 99
38 101
38 102
38 103
38 106
38 108
38 109
38 110
38 112
38 114
38 115
38 116
38 117
39 40
39 41
39 42
39 43
39 44
39 45
39 46
39 48
39 49
39 51
39 55
39 58
39 59
39 62
39 68
39 70
39 73
39 75
39 76
39 77
39 78
39 80
39 81
39 82
39 84
39 85
39 87
39 88
39 90
39 91
39 93
39 98
39 103
39 105
39 107
39 110
39 111
39 113
39 114
39 115
39 116
39 117
39 118
39 120
40 41
40 44
40 45
40 49
40 52
40 53
40 56
40 57
40 58
40 64
40 66
40 67
40 70
40 71
40 78
40 80
40 82
40 83
40 86
40 88
40 95
40 96
40 97
40 99
40 104
40 105
40 109
40 110
40 111
40 112
40 116
40 120
41 42
41 43
41 44
41 45
41 46
41 47
41 49
41 51
41 55
41 57
41 60
41 61
41 62
41 63
41 64
41 68
41 69
41 70
41 73
41 74
41 77
41 78
41 80
41 81
41 86
41 87
41 89
41 90
41 91
41 94
41 95
41 98
41 101
41 102
41 103
41 105
41 107
41 108
41 109
41 110
41 111
41 112
41 114
41 116
41 117
41 118
41 119
42 43
42 45
42 46
42 47
42 56
42 57
42 60
42 61
42 63
42 64
42 65
42 66
42 68
42 69
42 71
42 74
42 75
42 76
42 82
42 83
42 84
42 85
42 86
42 87
42 91
42 92
42 93
42 94
42 95
42 97
42 98
42 99
42 100
42 101
42 104
42 105
42 107
42 109
42 111
42 113
42 114
42 115
42 117
42 118
42 119
43 44
43 45
43 47
43 48
43 50
43 51
43 52
43 53
43 54
43 56
43 61
43 63
43 66
43 67
43 68
43 70
43 72
43 74
43 77
43 80
43 81
43 85
43 87
43 91
43 94
43 95
43 97
43 99
43 100
43 103
43 104
43 105
43 107
43 108
43 112
43 113
43 114
43 115
43 116
44 45
44 49
44 51
44 61
44 64
44 65
44 66
44 67
44 68
44 69
44 71
44 72
44 76
44 77
44 78
44 79
44 83
44 85
44 88
44 89
44 90
44 92
44 94
44 95
44 98
44 102
44 106
44 108
44 110
44 112
44 113
44 114
44 115
44 117
45 46
45 47
45 50
45 51
45 52
45 55
45 56
45 57
45 58
45 59
45 60
45 62
45 63
45 64
45 71
45 74
45 75
45 76
45 77
45 83
45 86
45 87
45 88
45 89
45 90
45 91
45 94
45 97
45 100
45 101
45 105
45 106
45 107
45 108
45 110
45 114
45 115
45 116
45 119
46 47
46 48
46 49
46 50
46 52
46 53
46 54
46 61
46 62
46 65
46 66
46 69
46 71
46 73
46 74
46 75
46 77
46 78
46 81
46 82
46 83
46 85
46 86
46 90
46 91
46 92
46 97
46 99
46 100
46 101
46 103
46 104
46 105
46 106
46 109
46 113
46 114
46 115
46 117
47 48
47 51
47 53
47 54
47 57
47 58
47 59
47 60
47 62
47 65
47 67
47 68
47 69
47 71
47 74
47 75
47 78
47 81
47 84
47 85
47 87
47 88
47 89
47 90
47 94
47 96
47 97
47 98
47 105
47 106
47 108
47 115
47 116
47 117
48 49
48 50
48 51
48 52
48 53
48 54
48 55
48 57
48 61
48 65
48 66
48 69
48 70
48 71
48 73
48 75
48 77
48 78
48 79
48 80
48 81
48 82
48 84
48 85
48 86
48 87
48 88
48 91
48 92
48 95
48 96
48 102
48 103
48 104
48 107
48 109
48 110
48 111
48 112
48 114
48 117
49 50
49 51
49 52
49 54
49 55
49 56
49 57
49 60
49 65
49 66
49 67
49 68
49 69
49 72
49 73
49 74
49 80
49 81
49 82
49 83
49 84
49 86
49 88
49 91
49 95
49 100
49 103
49 104
49 107
49 108
49 109
49 110
49 114
49 115
49 118
49 119
50 51
50 56
50 57
50 59
50 61
50 62
50 65
50 66
50 68
50 69
50 71
50 73
50 74
50 80
50 84
50 86
50 89
50 91
50 92
50 94
50 95
50 100
50 101
50 102
50 105
50 107
50 108
50 110
50 113
50 116
50 119
51 52
51 54
51 55
51 56
51 59
51 60
51 61
51 62
51 65
51 71
51 72
51 73
51 75
51 78
51 79
51 80
51 83
51 84
51 85
51 86
51 87
51 88
51 89
51 93
51 94
51 95
51 96
51 99
51 104
51 105
51 106
51 114
51 115
51 116
51 118
52 53
52 55
52 56
52 57
52 61
52 62
52 63
52 64
52 65
52 66
52 68
52 72
52 77
52 78
52 81
52 82
52 83
52 85
52 86
52 87
52 92
52 95
52 98
52 99
52 100
52 103
52 104
52 107
52 111
52 112
52 115
52 117
52 118
53 54
53 57
53 59
53 60
53 61
53 63
53 65
53 66
53 67
53 70
53 71
53 75
53 76
53 79
53 82
53 84
53 86
53 88
53 89
53 92
53 93
53 94
53 97
53 98
53 99
53 100
53 103
53 106
53 109
53 110
53 112
53 113
53 114
53 115
54 55
54 57
54 61
54 64
54 65
54 67
54 68
54 69
54 72
54 74
54 75
54 77
54 78
54 79
54 80
54 83
54 85
54 86
54 87
54 88
54 89
54 93
54 96
54 98
54 99
54 102
54 106
54 109
54 110
54 112
54 113
54 114
54 116
54 117
54 119
55 56
55 57
55 64
55 65
55 66
55 68
55 72
55 74
55 77
55 79
55 81
55 83
55 85
55 87
55 89
55 90
55 94
55 95
55 96
55 97
55 99
55 100
55 102
55 103
55 104
55 105
55 106
55 107
55 108
55 111
55 112
55 113
55 114
55 116
55 118
56 57
56 58
56 59
56 63
56 64
56 65
56 66
56 68
56 69
56 71
56 73
56 74
56 75
56 77
56 78
56 79
56 80
56 81
56 84
56 85
56 86
56 88
56 89
56 92
56 94
56 96
56 97
56 98
56 99
56 102
56 103
56 104
56 108
56 110
56 113
56 114
56 118
56 120
57 58
57 60
57 61
57 67
57 68
57 70
57 71
57 73
57 74
57 77
57 78
57 87
57 89
57 93
57 95
57 96
57 98
57 102
57 104
57 105
57 106
57 108
57 109
57 113
57 114
57 117
57 118
57 119
58 59
58 60
58 65
58 68
58 70
58 72
58 75
58 77
58 78
58 79
58 80
58 81
58 82
58 84
58 85
58 87
58 88
58 93
58 95
58 96
58 102
58 103
58 104
58 106
58 108
58 110
58 111
58 112
58 114
58 118
58 119
59 60
59 63
59 64
59 65
59 70
59 72
59 76
59 78
59 80
59 81
59 83
59 86
59 88
59 90
59 96
59 97
59 100
59 101
59 103
59 106
59 107
59 109
59 115
59 116
59 118
60 61
60 62
60 65
60 69
60 72
60 73
60 74
60 79
60 81
60 82
60 83
60 84
60 85
60 86
60 87
60 88
60 93
60 94
60 95
60 96
60 97
60 104
60 111
60 113
60 115
60 117
60 120
61 62
61 63
61 68
61 75
61 77
61 78
61 81
61 83
61 85
61 86
61 87
61 91
61 94
61 95
61 97
61 98
61 99
61 104
61 106
61 109
61 110
61 115
61 117
61 118
62 63
62 66
62 67
62 68
62 71
62 74
62 76
62 78
62 85
62 87
62 90
62 92
62 94
62 97
62 98
62 99
62 107
62 108
62 109
62 112
62 113
62 115
63 64
63 65
63 67
63 68
63 69
63 70
63 72
63 74
63 75
63 79
63 83
63 85
63 87
63 89
63 90
63 91
63 92
63 93
63 94
63 95
63 97
63 101
63 102
63 104
63 106
63 109
63 110
63 111
63 112
63 113
63 114
63 116
63 117
63 118
63 119
64 65
64 67
64 69
64 70
64 71
64 72
64 75
64 76
64 77
64 79
64 80
64 82
64 83
64 85
64 86
64 88
64 89
64 92
64 95
64 98
64 99
64 101
64 103
64 104
64 105
64 107
64 108
64 109
64 110
64 112
64 115
64 116
64 117
64 118
65 66
65 67
65 68
65 70
65 71
65 75
65 76
65 79
65 80
65 83
65 84
65 85
65 86
65 88
65 91
65 92
65 96
65 97
65 98
65 99
65 100
65 103
65 104
65 105
65 107
65 109
65 110
65 112
65 117
65 119
66 67
66 73
66 74
66 76
66 77
66 78
66 81
66 85
66 86
66 88
66 90
66 91
66 93
66 95
66 96
66 97
66 99
66 101
66 105
66 108
66 109
66 111
66 112
66 113
66 115
66 116
66 117
66 119
66 120
67 68
67 70
67 71
67 73
67 77
67 79
67 80
67 84
67 86
67 88
67 89
67 90
67 93
67 94
67 95
67 100
67 101
67 103
67 104
67 105
67 106
67 108
67 110
67 114
67 115
67 117
67 119
68 69
68 73
68 74
68 76
68 77
68 78
68 79
68 81
68 83
68 90
68 93
68 95
68 98
68 100
68 102
68 109
68 110
68 111
68 112
68 114
68 117
68 118
68 120
69 70
69 72
69 73
69 76
69 77
69 80
69 83
69 84
69 86
69 91
69 92
69 96
69 97
69 98
69 99
69 102
69 106
69 108
69 109
69 111
69 115
69 116
69 118
69 120
70 71
70 74
70 75
70 76
70 79
70 82
70 85
70 87
70 89
70 93
70 94
70 97
70 98
70 100
70 101
70 110
70 112
70 115
70 116
70 119
70 120
71 72
71 73
71 79
71 80
71 83
71 84
71 85
71 86
71 87
71 89
71 91
71 92
71 96
71 97
71 99
71 101
71 102
71 104
71 106
71 108
71 109
71 110
71 112
71 113
71 116
71 117
71 118
72 73
72 74
72 75
72 77
72 79
72 80
72 81
72 83
72 85
72 87
72 88
72 91
72 93
72 94
72 95
72 97
72 98
72 102
72 103
72 108
72 109
72 112
72 114
72 115
72 117
72 119
72 120
73 74
73 76
73 77
73 78
73 79
73 81
73 83
73 85
73 87
73 88
73 92
73 93
73 95
73 97
73 98
73 100
73 103
73 104
73 105
73 106
73 107
73 108
73 111
73 112
73 113
73 114
73 115
73 116
73 117
73 118
73 119
73 120
74 75
74 76
74 77
74 79
74 80
74 81
74 82
74 83
74 84
74 86
74 87
74 88
74 91
74 94
74 99
74 102
74 103
74 105
74 107
74 111
74 114
74 116
74 118
74 119
75 76
75 77
75 81
75 82
75 89
75 90
75 91
75 92
75 94
75 100
75 101
75 102
75 103
75 107
75 108
75 112
75 113
75 114
75 117
75 118
75 120
76 77
76 81
76 82
76 85
76 88
76 89
76 91
76 93
76 94
76 95
76 98
76 100
76 101
76 105
76 111
76 114
76 115
76 116
76 118
76 119
77 78
77 80
77 83
77 84
77 87
77 90
77 91
77 93
77 94
77 97
77 100
77 101
77 104
77 106
77 111
77 112
77 114
77 118
77 119
78 79
78 81
78 82
78 83
78 84
78 86
78 87
78 90
78 91
78 95
78 97
78 98
78 99
78 100
78 102
78 103
78 106
78 107
78 108
78 109
78 111
78 113
78 114
78 115
78 120
79 80
79 82
79 83
79 86
79 93
79 96
79 97
79 99
79 102
79 103
79 109
79 115
79 116
79 118
79 120
80 81
80 83
80 84
80 85
80 87
80 89
80 90
80 91
80 93
80 94
80 99
80 100
80 101
80 104
80 106
80 108
80 109
80 110
80 111
80 112
80 113
80 114
80 116
80 120
81 82
81 84
81 85
81 86
81 89
81 96
81 97
81 101
81 102
81 105
81 106
81 108
81 109
81 110
81 112
81 114
81 117
81 119
82 83
82 87
82 88
82 90
82 92
82 93
82 94
82 96
82 97
82 98
82 100
82 102
82 104
82 108
82 112
82 113
82 115
82 116
82 117
82 118
83 84
83 91
83 92
83 93
83 95
83 96
83 97
83 99
83 100
83 104
83 106
83 107
83 111
83 112
83 113
83 116
83 117
83 118
84 85
84 86
84 87
84 88
84 89
84 91
84 92
84 93
84 96
84 98
84 99
84 101
84 102
84 103
84 104
84 105
84 108
84 112
84 113
84 114
84 115
84 119
85 86
85 90
85 91
85 93
85 97
85 98
85 99
85 101
85 102
85 103
85 105
85 108
85 110
85 114
85 118
86 87
86 90
86 91
86 95
86 97
86 98
86 100
86 102
86 103
86 104
86 106
86 109
86 110
86 112
86 113
86 115
86 116
86 119
86 120
87 88
87 89
87 91
87 92
87 93
87 94
87 95
87 97
87 100
87 102
87 105
87 108
87 110
87 111
87 112
87 113
87 114
87 115
87 117
88 89
88 90
88 91
88 92
88 98
88 99
88 100
88 103
88 104
88 109
88 110
88 112
88 114
89 90
89 92
89 93
89 96
89 97
89 98
89 103
89 104
89 105
89 106
89 108
89 110
89 113
89 115
89 116
89 119
90 91
90 94
90 96
90 98
90 99
90 100
90 101
90 102
90 103
90 105
90 106
90 111
90 112
90 116
90 117
90 118
91 92
91 95
91 98
91 100
91 104
91 107
91 108
91 111
91 112
91 113
91 114
91 115
91 117
91 119
92 93
92 95
92 97
92 98
92 99
92 100
92 103
92 104
92 105
92 106
92 108
92 111
92 112
92 114
92 118
93 94
93 95
93 96
93 98
93 100
93 101
93 103
93 104
93 106
93 109
93 110
93 111
93 112
93 113
93 114
93 115
93 118
93 119
94 95
94 97
94 98
94 100
94 101
94 102
94 103
94 105
94 106
94 107
94 109
94 110
94 112
94 115
94 116
94 118
95 96
95 97
95 98
95 99
95 102
95 103
95 105
95 106
95 107
95 108
95 109
95 112
95 113
95 114
95 117
95 118
95 119
96 97
96 100
96 102
96 103
96 104
96 105
96 107
96 108
96 109
96 112
96 114
96 117
96 118
96 119
96 120
97 98
97 102
97 104
97 107
97 108
97 109
97 110
97 112
97 115
97 116
97 117
97 118
97 120
98 99
98 101
98 103
98 107
98 108
98 109
98 110
98 115
98 117
98 118
99 100
99 101
99 102
99 103
99 104
99 105
99 107
99 109
99 110
99 111
99 112
99 113
99 117
99 119
100 101
100 104
100 107
100 111
100 113
100 116
100 117
100 120
101 102
101 104
101 105
101 106
101 109
101 110
101 111
101 116
101 117
101 118
101 119
101 120
102 103
102 106
102 112
102 113
102 117
102 118
102 119
102 120
103 104
103 105
103 106
103 107
103 110
103 111
103 115
103 117
103 118
104 105
104 107
104 111
104 112
104 118
104 119
105 106
105 108
105 109
105 112
105 113
105 114
105 117
105 118
106 107
106 109
106 110
106 111
106 114
106 116
106 119
107 108
107 109
107 110
107 111
107 112
107 113
107 114
107 116
107 118
107 120
108 109
108 111
108 112
108 113
108 115
108 116
108 118
109 110
109 111
109 116
109 118
109 119
110 111
110 115
110 117
110 118
110 120
111 112
111 114
111 116
111 117
111 119
112 113
112 114
112 116
112 117
112 118
113 114
113 115
113 117
113 118
114 115
114 116
115 116
115 119
116 117
116 119
116 120
117 118
117 119
118 119
119 120
