150 2235
1 2
1 7
1 18
1 35
1 65
1 70
1 103
1 104
1 115
1 126
2 3
2 7
2 22
2 28
2 31
2 47
2 58
2 66
2 79
2 80
2 86
2 88
2 91
2 94
2 105
2 109
2 112
2 113
2 115
2 119
2 124
2 125
2 126
2 140
2 142
3 4
3 5
3 8
3 15
3 21
3 24
3 25
3 29
3 33
3 38
3 40
3 58
3 62
3 63
3 80
3 90
3 91
3 99
3 106
3 108
3 114
3 118
3 136
4 5
4 7
4 12
4 16
4 17
4 21
4 36
4 37
4 38
4 47
4 59
4 71
4 77
4 93
4 97
4 98
4 101
4 107
4 109
4 112
4 114
4 136
5 6
5 8
5 21
5 23
5 29
5 31
5 52
5 53
5 59
5 63
5 64
5 76
5 78
5 80
5 82
5 84
5 85
5 88
5 89
5 100
5 112
5 120
5 123
5 127
5 128
5 129
5 131
5 138
5 143
5 144
5 149
6 7
6 14
6 19
6 35
6 37
6 44
6 51
6 57
6 59
6 69
6 72
6 74
6 83
6 89
6 92
6 93
6 96
6 97
6 106
6 108
6 112
6 117
6 121
6 123
6 124
6 126
6 130
6 131
6 147
7 8
7 14
7 21
7 40
7 54
7 73
7 82
7 84
7 85
7 86
7 88
7 94
7 96
7 99
7 102
7 106
7 136
7 137
7 143
7 147
7 149
8 9
8 10
8 12
8 19
8 30
8 37
8 40
8 44
8 48
8 50
8 53
8 55
8 56
8 68
8 72
8 74
8 77
8 82
8 84
8 88
8 97
8 100
8 107
8 108
8 110
8 123
8 124
8 136
8 149
9 10
9 14
9 28
9 31
9 37
9 41
9 45
9 46
9 58
9 67
9 70
9 88
9 93
9 95
9 97
9 101
9 110
9 115
9 123
9 124
9 129
9 138
9 146
10 11
10 22
10 23
10 24
10 28
10 55
10 63
10 66
10 73
10 84
10 86
10 87
10 92
10 94
10 112
10 124
10 125
10 132
10 133
10 135
10 138
10 144
10 145
10 147
11 12
11 16
11 28
11 39
11 45
11 46
11 55
11 63
11 64
11 69
11 70
11 80
11 81
11 83
11 85
11 88
11 89
11 100
11 101
11 105
11 106
11 109
11 112
11 114
11 115
11 116
11 124
11 128
11 132
11 138
11 144
11 146
11 148
12 13
12 17
12 34
12 38
12 41
12 45
12 58
12 66
12 73
12 86
12 98
12 101
12 115
12 120
12 130
12 142
12 148
12 149
13 14
13 16
13 17
13 18
13 25
13 42
13 53
13 76
13 84
13 86
13 88
13 91
13 94
13 96
13 104
13 109
13 110
13 119
13 126
13 130
13 132
13 140
13 141
13 146
14 15
14 18
14 36
14 38
14 39
14 41
14 42
14 44
14 49
14 52
14 58
14 62
14 65
14 71
14 74
14 75
14 76
14 77
14 82
14 89
14 94
14 107
14 108
14 115
14 118
14 119
14 123
14 124
14 127
14 129
14 133
14 136
14 138
14 146
15 16
15 25
15 49
15 60
15 61
15 64
15 84
15 96
15 125
15 127
15 132
15 139
15 143
15 150
16 17
16 19
16 21
16 37
16 43
16 44
16 50
16 51
16 53
16 54
16 60
16 63
16 66
16 69
16 72
16 79
16 81
16 83
16 87
16 97
16 103
16 106
16 107
16 108
16 114
16 116
16 124
16 127
16 128
16 143
16 145
16 148
17 18
17 20
17 21
17 48
17 54
17 56
17 62
17 63
17 67
17 90
17 92
17 96
17 101
17 103
17 105
17 109
17 111
17 116
17 121
17 126
17 129
17 141
17 149
18 19
18 20
18 21
18 25
18 26
18 32
18 35
18 38
18 41
18 42
18 43
18 49
18 50
18 53
18 58
18 60
18 65
18 67
18 70
18 71
18 77
18 80
18 82
18 91
18 92
18 94
18 98
18 103
18 105
18 106
18 109
18 110
18 121
18 122
18 127
18 138
18 141
18 147
18 148
19 20
19 21
19 23
19 28
19 33
19 34
19 36
19 43
19 48
19 50
19 51
19 52
19 63
19 64
19 65
19 72
19 75
19 77
19 80
19 84
19 89
19 92
19 100
19 102
19 120
19 124
19 132
19 139
19 150
20 21
20 26
20 28
20 35
20 38
20 42
20 46
20 52
20 55
20 58
20 59
20 75
20 76
20 77
20 78
20 79
20 88
20 90
20 97
20 100
20 111
20 116
20 118
20 119
20 120
20 121
20 133
20 136
20 141
21 22
21 27
21 30
21 35
21 37
21 44
21 46
21 47
21 52
21 55
21 57
21 64
21 67
21 69
21 76
21 79
21 84
21 89
21 93
21 96
21 109
21 111
21 115
21 117
21 124
21 127
21 131
21 138
21 141
21 142
21 143
22 23
22 25
22 28
22 33
22 43
22 44
22 45
22 49
22 52
22 60
22 61
22 65
22 73
22 85
22 88
22 91
22 93
22 96
22 102
22 111
22 114
22 138
22 146
23 24
23 25
23 32
23 54
23 55
23 68
23 69
23 78
23 84
23 107
23 111
23 114
23 116
23 130
23 147
23 149
24 25
24 27
24 31
24 34
24 35
24 40
24 46
24 52
24 53
24 54
24 59
24 60
24 66
24 71
24 72
24 76
24 79
24 83
24 85
24 87
24 92
24 93
24 94
24 104
24 105
24 106
24 112
24 114
24 117
24 124
24 126
24 129
24 141
24 145
24 147
24 148
24 150
25 26
25 30
25 31
25 44
25 52
25 60
25 63
25 79
25 84
25 89
25 94
25 98
25 100
25 113
25 118
25 130
26 27
26 29
26 30
26 34
26 35
26 40
26 44
26 49
26 59
26 69
26 76
26 79
26 81
26 91
26 96
26 107
26 112
26 114
26 118
26 130
26 134
26 138
26 146
27 28
27 36
27 40
27 45
27 48
27 50
27 56
27 57
27 61
27 62
27 63
27 73
27 76
27 81
27 87
27 90
27 92
27 94
27 103
27 105
27 107
27 122
27 130
27 143
27 147
27 149
28 29
28 32
28 33
28 35
28 52
28 60
28 67
28 69
28 70
28 80
28 82
28 89
28 90
28 92
28 97
28 101
28 103
28 107
28 112
28 116
28 135
28 137
28 139
28 141
28 149
29 30
29 36
29 38
29 43
29 47
29 48
29 50
29 53
29 68
29 70
29 72
29 74
29 78
29 84
29 95
29 98
29 109
29 110
29 111
29 120
29 122
29 125
29 128
29 133
29 135
29 136
29 140
29 145
29 146
30 31
30 40
30 47
30 53
30 55
30 63
30 67
30 69
30 70
30 87
30 95
30 96
30 97
30 99
30 102
30 103
30 109
30 111
30 114
30 117
30 126
30 127
30 132
30 133
30 134
30 138
30 139
31 32
31 39
31 43
31 46
31 52
31 57
31 58
31 59
31 77
31 79
31 81
31 83
31 89
31 91
31 94
31 96
31 99
31 107
31 108
31 115
31 120
31 125
31 126
31 127
31 129
31 132
31 136
31 138
31 139
31 141
32 33
32 37
32 38
32 55
32 58
32 59
32 65
32 73
32 76
32 77
32 78
32 81
32 85
32 87
32 90
32 94
32 97
32 110
32 111
32 112
32 123
32 128
32 132
32 134
32 136
32 141
32 143
32 146
33 34
33 36
33 37
33 50
33 54
33 69
33 71
33 74
33 77
33 79
33 81
33 86
33 89
33 91
33 92
33 96
33 103
33 108
33 109
33 110
33 111
33 115
33 125
33 133
33 135
33 141
33 144
34 35
34 36
34 39
34 42
34 48
34 49
34 54
34 60
34 65
34 71
34 77
34 78
34 80
34 84
34 85
34 88
34 92
34 103
34 105
34 113
34 117
34 118
34 128
34 131
34 139
34 140
34 142
34 150
35 36
35 38
35 39
35 44
35 46
35 61
35 64
35 70
35 71
35 77
35 82
35 86
35 90
35 93
35 98
35 103
35 104
35 118
35 122
35 125
35 138
35 141
35 143
36 37
36 44
36 51
36 52
36 54
36 58
36 64
36 75
36 76
36 78
36 80
36 81
36 83
36 87
36 101
36 105
36 108
36 113
36 114
36 134
36 140
36 143
36 149
37 38
37 52
37 53
37 67
37 70
37 73
37 74
37 83
37 86
37 87
37 88
37 89
37 95
37 98
37 102
37 103
37 105
37 107
37 126
37 128
37 131
37 142
37 144
38 39
38 43
38 45
38 61
38 72
38 73
38 79
38 81
38 103
38 117
38 118
38 124
38 128
38 129
38 130
38 141
38 144
39 40
39 41
39 53
39 56
39 60
39 62
39 66
39 67
39 80
39 85
39 101
39 117
39 128
39 141
39 142
40 41
40 51
40 59
40 77
40 84
40 86
40 92
40 97
40 98
40 101
40 104
40 112
40 119
40 120
40 125
40 131
40 134
40 141
40 146
41 42
41 44
41 48
41 50
41 53
41 54
41 57
41 58
41 63
41 65
41 79
41 85
41 86
41 91
41 99
41 104
41 110
41 111
41 125
41 132
41 133
41 136
41 137
41 147
42 43
42 44
42 48
42 58
42 59
42 60
42 61
42 70
42 71
42 78
42 86
42 90
42 91
42 93
42 97
42 100
42 107
42 108
42 109
42 118
42 121
42 135
42 137
42 139
43 44
43 55
43 63
43 65
43 71
43 76
43 78
43 85
43 93
43 105
43 110
43 128
43 131
43 134
43 136
43 137
43 138
43 140
43 141
43 143
43 147
44 45
44 46
44 52
44 62
44 65
44 70
44 74
44 75
44 78
44 82
44 88
44 98
44 112
44 124
44 134
44 135
44 141
44 147
45 46
45 47
45 49
45 64
45 65
45 67
45 70
45 76
45 80
45 81
45 91
45 92
45 101
45 126
45 135
45 136
45 145
45 147
45 149
46 47
46 56
46 57
46 60
46 63
46 67
46 84
46 94
46 102
46 103
46 110
46 113
46 141
46 149
47 48
47 58
47 63
47 65
47 67
47 71
47 75
47 81
47 82
47 87
47 95
47 98
47 102
47 104
47 109
47 111
47 112
47 121
47 125
47 127
47 130
47 134
47 142
47 145
47 146
47 148
48 49
48 51
48 53
48 55
48 61
48 63
48 69
48 72
48 75
48 83
48 84
48 86
48 91
48 95
48 98
48 119
48 133
49 50
49 52
49 61
49 64
49 68
49 75
49 84
49 90
49 94
49 102
49 103
49 104
49 108
49 118
49 119
49 120
49 123
49 126
49 137
49 140
49 141
49 145
50 51
50 56
50 57
50 63
50 64
50 69
50 71
50 72
50 75
50 80
50 86
50 90
50 95
50 97
50 99
50 104
50 114
50 115
50 120
50 122
50 125
50 131
50 139
50 148
50 149
51 52
51 54
51 55
51 57
51 61
51 65
51 69
51 73
51 85
51 96
51 99
51 104
51 105
51 106
51 117
51 119
51 126
51 128
51 130
51 138
51 141
51 145
51 149
52 53
52 54
52 55
52 56
52 70
52 77
52 88
52 99
52 102
52 113
52 119
52 120
52 126
52 127
52 130
52 142
52 143
52 146
52 147
53 54
53 56
53 61
53 71
53 76
53 77
53 88
53 89
53 99
53 102
53 105
53 106
53 114
53 124
53 127
53 128
53 133
53 137
53 138
53 141
53 146
53 148
54 55
54 58
54 61
54 68
54 79
54 80
54 82
54 88
54 92
54 93
54 94
54 99
54 103
54 109
54 113
54 114
54 118
54 119
54 125
54 126
54 129
54 142
54 144
55 56
55 61
55 62
55 63
55 76
55 77
55 79
55 89
55 91
55 92
55 94
55 95
55 98
55 99
55 105
55 109
55 119
55 123
55 133
55 137
55 140
55 141
55 143
55 146
56 57
56 60
56 66
56 73
56 79
56 82
56 83
56 91
56 92
56 94
56 96
56 98
56 100
56 103
56 104
56 113
56 119
56 124
56 126
56 135
56 136
56 148
56 149
57 58
57 62
57 68
57 87
57 93
57 109
57 111
57 112
57 117
57 119
57 122
57 125
57 127
57 130
57 138
57 141
57 142
58 59
58 69
58 78
58 82
58 85
58 86
58 87
58 89
58 94
58 97
58 101
58 102
58 103
58 109
58 111
58 112
58 127
58 130
58 137
58 138
58 143
59 60
59 63
59 64
59 68
59 73
59 74
59 75
59 85
59 87
59 91
59 92
59 100
59 113
59 114
59 116
59 120
59 124
59 127
59 136
59 137
59 141
59 143
59 149
60 61
60 62
60 63
60 66
60 68
60 69
60 78
60 79
60 80
60 94
60 100
60 105
60 107
60 113
60 139
60 144
61 62
61 66
61 76
61 79
61 81
61 82
61 92
61 97
61 107
61 112
61 114
61 115
61 124
61 127
61 131
61 132
61 133
61 141
61 142
61 148
61 149
62 63
62 66
62 68
62 72
62 85
62 89
62 90
62 93
62 99
62 100
62 103
62 111
62 113
62 118
62 125
62 126
62 135
63 64
63 69
63 74
63 77
63 84
63 87
63 92
63 93
63 95
63 96
63 97
63 99
63 104
63 106
63 109
63 111
63 120
63 131
63 138
64 65
64 68
64 79
64 83
64 90
64 106
64 108
64 113
64 115
64 119
64 120
64 127
64 130
64 139
64 148
65 66
65 69
65 82
65 85
65 102
65 106
65 108
65 110
65 113
65 115
65 125
65 126
65 128
65 138
65 140
65 142
65 147
66 67
66 75
66 79
66 81
66 85
66 94
66 96
66 104
66 110
66 111
66 115
66 127
66 130
66 131
66 132
66 137
66 140
66 144
67 68
67 73
67 75
67 77
67 84
67 85
67 88
67 89
67 101
67 102
67 103
67 106
67 107
67 111
67 121
67 125
67 126
67 128
67 129
67 130
67 139
68 69
68 72
68 74
68 83
68 86
68 87
68 88
68 94
68 97
68 111
68 115
68 117
68 121
68 122
68 123
68 126
68 138
68 144
69 70
69 71
69 76
69 77
69 95
69 96
69 98
69 105
69 115
69 117
69 126
69 134
69 135
70 71
70 72
70 75
70 84
70 85
70 107
70 121
70 130
70 133
70 147
71 72
71 86
71 87
71 89
71 96
71 97
71 102
71 107
71 109
71 110
71 112
71 115
71 116
71 128
71 146
71 148
72 73
72 76
72 79
72 80
72 82
72 87
72 91
72 92
72 101
72 106
72 126
72 129
72 133
72 134
72 138
72 141
73 74
73 75
73 82
73 89
73 90
73 91
73 92
73 97
73 98
73 110
73 111
73 113
73 124
73 127
73 130
73 139
73 141
73 144
74 75
74 77
74 78
74 86
74 99
74 101
74 102
74 111
74 115
74 125
74 129
74 141
74 148
74 149
75 76
75 77
75 84
75 91
75 94
75 97
75 99
75 105
75 109
75 111
75 119
75 134
75 143
75 144
75 147
76 77
76 80
76 84
76 86
76 88
76 91
76 92
76 101
76 102
76 105
76 113
76 125
76 127
76 128
76 129
76 131
76 132
76 133
76 135
76 136
76 145
77 78
77 83
77 84
77 85
77 86
77 106
77 108
77 109
77 112
77 121
77 123
77 134
78 79
78 80
78 87
78 90
78 95
78 97
78 100
78 102
78 105
78 106
78 107
78 108
78 117
78 121
78 130
78 132
78 141
79 80
79 90
79 92
79 93
79 99
79 116
79 119
79 123
79 125
79 126
79 128
79 130
79 139
79 143
79 145
79 150
80 81
80 82
80 84
80 107
80 112
80 122
80 127
80 134
80 138
80 147
80 150
81 82
81 94
81 95
81 100
81 101
81 108
81 112
81 116
81 117
81 123
81 128
81 135
81 139
81 144
81 145
81 147
82 83
82 86
82 93
82 94
82 102
82 104
82 110
82 127
82 130
82 135
82 143
83 84
83 91
83 92
83 93
83 97
83 105
83 113
83 115
83 117
83 129
83 134
84 85
84 86
84 91
84 106
84 111
84 116
84 126
84 132
84 135
84 138
84 146
85 86
85 89
85 101
85 104
85 113
85 121
85 128
85 135
85 139
85 149
86 87
86 88
86 93
86 94
86 99
86 109
86 117
86 118
86 125
86 132
86 138
86 147
87 88
87 94
87 95
87 98
87 100
87 101
87 102
87 104
87 110
87 111
87 123
87 124
87 127
87 134
87 135
87 143
87 148
88 89
88 107
88 108
88 117
88 119
88 123
88 126
88 148
89 90
89 98
89 101
89 102
89 105
89 115
89 117
89 130
89 144
89 147
89 148
90 91
90 93
90 99
90 101
90 103
90 105
90 106
90 107
90 117
90 134
90 136
90 138
90 140
90 144
90 146
90 147
90 148
91 92
91 94
91 96
91 104
91 109
91 122
91 126
91 139
91 148
92 93
92 95
92 99
92 103
92 107
92 118
92 122
92 133
92 137
92 138
92 141
92 142
92 147
92 148
93 94
93 95
93 100
93 102
93 104
93 105
93 109
93 110
93 124
93 126
93 127
93 133
93 139
93 142
93 150
94 95
94 107
94 111
94 113
94 120
94 128
94 139
94 142
94 149
95 96
95 105
95 108
95 112
95 121
95 135
95 140
95 143
96 97
96 108
96 112
96 122
96 124
96 132
96 135
96 137
96 139
96 144
96 150
97 98
97 99
97 112
97 118
97 120
97 122
97 134
97 143
97 146
97 147
97 150
98 99
98 100
98 101
98 107
98 118
98 120
98 129
98 134
98 147
98 148
99 100
99 103
99 108
99 110
99 117
99 129
99 141
99 143
99 147
99 148
99 149
100 101
100 105
100 113
100 115
100 119
100 120
100 124
100 128
100 129
100 136
100 149
101 102
101 104
101 116
101 121
101 127
101 133
101 134
101 139
101 145
101 150
102 103
102 106
102 116
102 119
102 120
102 124
102 129
102 135
102 140
102 145
102 147
103 104
103 112
103 114
103 119
103 124
103 132
103 134
103 136
103 137
104 105
104 112
104 114
104 123
104 127
104 134
104 136
104 138
104 139
104 140
104 142
104 143
104 144
104 147
105 106
105 110
105 134
105 138
105 139
105 142
105 147
105 149
106 107
106 110
106 118
106 133
106 135
106 137
106 147
106 149
107 108
107 115
107 117
107 119
107 127
108 109
108 112
108 118
108 122
108 123
108 124
108 135
108 144
108 148
109 110
109 118
109 125
109 128
109 138
109 139
109 141
109 147
110 111
110 117
110 120
110 136
110 140
110 143
110 145
110 150
111 112
111 125
111 126
111 130
111 134
112 113
112 120
112 125
112 136
112 140
113 114
113 121
113 133
113 135
113 139
113 144
114 115
114 118
114 119
114 120
114 128
114 129
114 131
114 133
114 134
114 143
114 144
114 149
115 116
115 117
115 120
115 127
115 129
115 141
115 149
116 117
116 118
116 119
116 124
116 126
116 133
116 135
116 137
117 118
117 119
117 120
117 125
117 127
117 131
117 135
117 144
117 147
117 149
118 119
118 126
118 139
118 146
118 147
118 148
119 120
119 128
119 136
119 143
119 144
119 145
120 121
120 136
120 145
120 149
121 122
121 125
121 132
121 142
121 148
122 123
122 127
122 131
122 133
122 137
122 144
122 146
123 124
123 131
123 132
123 140
123 141
123 142
123 145
123 149
124 125
124 129
124 131
125 126
125 136
125 139
125 144
125 146
126 127
126 128
126 133
126 141
127 128
127 129
127 132
128 129
128 132
128 134
128 138
128 140
128 142
128 144
129 130
129 131
129 136
129 143
129 147
130 131
130 141
130 149
131 132
131 134
131 135
131 139
131 140
131 145
131 149
132 133
132 141
133 134
133 139
134 135
135 136
135 142
135 148
136 137
136 138
136 147
137 138
137 139
137 144
137 149
138 139
138 147
139 140
139 142
139 144
139 147
140 141
140 145
140 146
141 142
141 147
141 149
142 143
142 148
143 144
143 145
143 149
144 145
144 148
145 146
145 149
146 147
146 149
147 148
147 150
148 149
149 150
