150 1118
1 2
1 49
1 67
1 77
1 117
2 3
2 9
2 17
2 21
2 24
2 25
2 27
2 28
2 37
2 39
2 42
2 67
2 79
2 85
2 113
2 124
2 141
2 145
3 4
3 19
3 21
3 60
3 69
3 81
3 82
3 98
3 103
3 116
3 122
3 126
3 130
3 141
4 5
4 21
4 24
4 37
4 46
4 50
4 57
4 80
4 130
4 148
5 6
5 11
5 28
5 37
5 47
5 77
5 103
5 147
5 150
6 7
6 14
6 24
6 26
6 27
6 28
6 48
6 50
6 68
6 72
6 85
6 86
6 125
6 134
6 140
6 141
7 8
7 68
7 90
7 92
7 99
7 111
7 130
7 142
8 9
8 10
8 16
8 58
8 76
8 95
8 112
8 116
8 145
9 10
9 23
9 32
9 35
9 38
9 39
9 46
9 67
9 68
9 75
9 82
9 93
9 100
9 111
9 112
9 118
10 11
10 14
10 30
10 41
10 49
10 107
10 113
10 128
10 135
10 143
11 12
11 16
11 33
11 37
11 48
11 65
11 66
11 89
11 96
11 97
11 104
11 105
11 107
11 128
11 129
11 131
11 138
11 141
11 146
11 150
12 13
12 21
12 54
12 59
12 77
12 99
12 112
12 113
12 116
12 147
13 14
13 33
13 58
13 62
13 71
13 76
13 81
13 87
13 88
13 107
13 119
13 125
13 128
13 129
13 138
13 145
14 15
14 19
14 28
14 30
14 36
14 39
14 43
14 45
14 71
14 72
14 100
14 112
14 116
14 127
14 128
14 132
14 144
15 16
15 30
15 35
15 56
15 62
15 63
15 70
15 71
15 78
15 83
15 96
15 118
15 121
15 133
15 141
16 17
16 31
16 55
16 83
16 122
16 142
17 18
17 28
17 31
17 34
17 44
17 49
17 54
17 64
17 69
17 80
17 83
17 84
17 89
17 94
17 103
17 107
17 126
17 130
17 144
18 19
18 32
18 33
18 43
18 56
18 69
18 82
18 96
18 100
18 101
18 105
18 107
18 110
18 122
18 144
18 147
19 20
19 33
19 60
19 65
19 102
19 118
19 131
19 132
20 21
20 27
20 28
20 40
20 43
20 83
20 90
20 125
20 128
20 147
21 22
21 24
21 33
21 48
21 62
21 80
21 96
21 98
21 112
21 115
21 126
21 140
22 23
22 38
22 39
22 67
22 80
22 98
22 104
22 116
22 124
22 126
22 143
23 24
23 29
23 31
23 36
23 44
23 50
23 54
23 74
23 77
23 97
23 104
23 112
23 128
23 142
24 25
24 68
24 98
24 105
24 119
24 137
24 138
25 26
25 39
25 45
25 59
25 76
25 83
25 90
25 109
25 116
25 123
25 134
25 146
25 147
26 27
26 32
26 38
26 39
26 83
26 96
26 107
26 126
26 143
27 28
27 30
27 38
27 41
27 57
27 58
27 78
27 123
27 126
28 29
28 50
28 70
28 76
28 80
28 84
28 99
28 103
28 108
28 141
28 143
29 30
29 34
29 39
29 41
29 43
29 60
29 68
29 79
29 83
29 90
29 100
29 104
29 133
29 146
30 31
30 36
30 37
30 43
30 50
30 52
30 53
30 58
30 59
30 68
30 91
30 98
30 112
30 115
30 117
30 126
30 132
30 146
31 32
31 41
31 75
31 85
32 33
32 38
32 53
32 71
32 83
32 92
32 114
32 122
32 148
33 34
33 36
33 46
33 99
33 130
33 148
34 35
34 40
34 42
34 45
34 46
34 71
34 91
34 105
34 110
35 36
35 49
35 54
35 66
35 71
35 87
35 93
35 100
35 123
35 140
36 37
36 88
36 91
36 99
36 102
36 103
36 105
36 107
36 110
36 113
36 114
36 126
36 141
36 145
37 38
37 47
37 51
37 57
37 61
37 95
37 96
37 98
37 102
37 106
37 109
37 120
37 127
37 133
37 134
37 146
38 39
38 55
38 70
38 80
38 82
38 83
38 93
38 100
38 103
38 148
39 40
39 41
39 46
39 51
39 52
39 57
39 73
39 76
39 81
39 86
39 112
39 117
39 118
39 148
40 41
40 51
40 61
40 78
40 87
40 93
40 118
40 121
41 42
41 44
41 49
41 50
41 52
41 57
41 92
41 94
41 109
41 127
41 135
42 43
42 44
42 61
42 72
42 90
42 112
42 119
42 121
42 133
43 44
43 50
43 60
43 67
43 71
43 85
43 120
43 127
43 128
43 146
44 45
44 50
44 87
44 93
44 117
44 146
45 46
45 48
45 50
45 64
45 66
45 71
45 106
45 110
45 111
45 117
45 128
45 134
46 47
46 55
46 71
46 75
46 78
46 101
46 104
46 106
46 108
46 138
47 48
47 51
47 60
47 64
47 66
47 68
47 76
47 88
47 134
47 136
47 137
48 49
48 51
48 55
48 58
48 66
48 69
48 71
48 80
48 99
48 110
48 113
49 50
49 51
49 58
49 66
49 87
49 89
49 95
49 96
49 101
49 132
49 138
50 51
50 55
50 65
50 73
50 78
50 80
50 90
50 106
50 132
50 138
51 52
51 56
51 63
51 74
51 77
51 92
51 101
51 114
51 116
51 124
51 129
52 53
52 76
52 98
52 102
52 121
52 128
52 129
52 138
52 140
52 149
53 54
53 58
53 90
53 96
53 97
53 102
53 104
53 136
53 139
54 55
54 61
54 83
54 94
54 96
54 101
54 106
54 112
54 117
54 129
54 140
54 141
55 56
55 63
55 72
55 82
55 84
55 86
55 88
55 100
55 140
55 145
55 149
56 57
56 67
56 79
56 86
56 105
56 108
56 110
56 122
56 136
56 137
56 138
56 139
56 141
56 145
57 58
57 78
57 95
57 104
57 117
57 123
57 149
58 59
58 92
58 124
58 128
58 135
58 137
58 143
59 60
59 76
59 85
59 98
59 128
59 132
59 133
59 137
59 140
59 145
60 61
60 64
60 70
60 92
60 113
60 129
61 62
61 81
61 84
61 85
61 92
61 101
61 114
61 123
61 126
61 145
61 148
62 63
62 74
62 81
62 90
62 99
62 110
62 113
62 117
62 120
62 147
62 150
63 64
63 69
63 70
63 72
63 84
63 121
63 139
63 148
64 65
64 75
64 88
64 90
64 94
64 107
64 129
64 131
65 66
65 71
65 75
65 87
65 104
65 115
65 119
65 124
65 138
65 140
65 143
65 146
66 67
66 69
66 81
66 83
66 89
66 101
66 108
66 133
66 140
66 144
67 68
67 88
67 104
67 110
67 113
67 115
67 120
67 124
67 129
67 147
68 69
68 71
68 75
68 77
68 81
68 88
68 90
68 101
68 104
68 119
68 123
69 70
69 82
69 85
69 88
69 116
69 117
69 128
69 150
70 71
70 89
70 99
70 108
70 112
70 118
70 119
70 127
70 138
71 72
71 73
71 91
71 103
71 104
71 126
71 134
71 137
71 144
72 73
72 90
72 109
72 113
72 116
72 123
72 129
73 74
73 77
73 79
73 81
73 86
73 113
73 116
73 121
73 140
74 75
74 87
74 88
74 98
74 100
74 109
74 112
74 124
74 150
75 76
75 79
75 102
75 115
75 128
75 135
76 77
76 97
76 98
76 110
76 116
76 127
76 131
76 134
77 78
77 83
77 103
77 104
77 106
77 115
77 116
77 120
77 125
77 128
77 135
77 142
78 79
78 80
78 87
78 97
78 115
78 126
78 140
78 144
79 80
79 93
79 114
79 116
79 117
79 128
80 81
80 85
80 87
80 93
80 95
80 120
80 130
80 147
81 82
81 95
81 100
81 103
81 108
81 125
81 133
82 83
82 85
82 90
82 100
82 104
82 109
82 115
82 144
83 84
83 109
84 85
84 92
84 95
84 97
84 124
84 127
84 132
84 138
84 141
85 86
85 88
85 94
85 106
85 125
85 141
86 87
86 99
86 110
86 132
86 142
86 146
86 147
87 88
87 94
87 99
87 101
87 105
87 106
87 116
87 122
87 144
88 89
88 105
88 131
89 90
89 93
89 95
89 119
89 139
89 143
90 91
90 97
90 116
90 117
90 126
90 128
91 92
91 94
91 105
91 111
91 128
91 132
91 139
91 147
91 149
92 93
92 107
92 123
92 140
92 142
92 144
93 94
93 117
93 119
93 131
93 145
94 95
94 109
94 120
94 124
94 132
94 137
94 141
95 96
95 101
95 115
95 123
96 97
96 110
96 114
96 123
96 130
97 98
98 99
98 106
98 111
98 123
98 130
98 139
99 100
99 105
99 109
99 113
99 124
99 138
99 139
99 141
100 101
100 107
100 117
100 137
101 102
101 130
101 131
102 103
102 117
102 130
102 136
102 144
102 145
102 148
103 104
103 129
103 131
103 145
104 105
104 124
104 132
104 136
104 137
104 141
104 142
105 106
105 134
105 148
105 149
106 107
106 113
106 118
106 119
106 126
106 127
106 130
106 148
107 108
107 133
107 137
107 145
107 147
108 109
108 120
108 130
108 131
108 133
109 110
109 118
109 126
109 128
109 129
109 150
110 111
110 144
111 112
111 117
111 122
111 124
111 128
111 137
111 146
111 147
112 113
112 114
112 121
112 127
112 134
113 114
113 116
113 132
113 138
113 141
113 143
113 147
113 149
114 115
114 119
115 116
115 119
115 121
115 127
116 117
116 130
116 135
116 141
117 118
117 146
118 119
118 142
119 120
119 122
119 130
119 138
119 142
120 121
120 122
120 131
120 137
121 122
121 128
121 142
121 149
122 123
122 145
122 148
123 124
123 144
124 125
124 126
124 136
124 137
124 146
125 126
125 127
125 128
125 138
126 127
126 128
126 144
127 128
128 129
129 130
129 140
129 144
129 147
129 149
130 131
131 132
132 133
132 146
133 134
134 135
135 136
135 146
136 137
136 147
137 138
138 139
139 140
139 145
140 141
141 142
141 147
141 148
141 149
142 143
142 148
143 144
143 148
144 145
145 146
146 147
147 148
148 149
149 150
