150 5588
1 2
1 5
1 6
1 14
1 23
1 26
1 27
1 30
1 37
1 38
1 40
1 41
1 43
1 44
1 45
1 48
1 49
1 51
1 52
1 58
1 59
1 68
1 73
1 75
1 76
1 79
1 83
1 89
1 92
1 93
1 94
1 95
1 104
1 105
1 107
1 109
1 117
1 125
1 126
1 137
1 139
1 141
1 143
1 149
2 3
2 4
2 6
2 8
2 12
2 14
2 15
2 17
2 19
2 20
2 21
2 22
2 23
2 25
2 26
2 27
2 29
2 32
2 33
2 35
2 40
2 43
2 44
2 45
2 50
2 51
2 52
2 54
2 59
2 60
2 61
2 65
2 67
2 70
2 71
2 73
2 79
2 80
2 82
2 84
2 86
2 91
2 92
2 93
2 96
2 99
2 100
2 103
2 105
2 106
2 108
2 109
2 114
2 117
2 119
2 120
2 123
2 125
2 127
2 129
2 130
2 134
2 135
2 137
2 139
2 141
2 144
2 147
2 149
2 150
3 4
3 5
3 13
3 14
3 15
3 17
3 18
3 19
3 21
3 23
3 24
3 25
3 26
3 29
3 30
3 32
3 33
3 35
3 37
3 38
3 39
3 40
3 46
3 47
3 48
3 52
3 53
3 54
3 57
3 64
3 68
3 69
3 70
3 73
3 75
3 76
3 78
3 79
3 84
3 86
3 87
3 91
3 92
3 93
3 94
3 95
3 97
3 102
3 109
3 110
3 112
3 113
3 114
3 116
3 118
3 119
3 123
3 126
3 127
3 128
3 130
3 131
3 132
3 135
3 137
3 139
3 144
3 146
3 147
4 5
4 9
4 11
4 12
4 13
4 14
4 16
4 19
4 20
4 23
4 25
4 26
4 29
4 35
4 36
4 37
4 38
4 39
4 44
4 50
4 56
4 57
4 58
4 59
4 61
4 67
4 68
4 70
4 72
4 74
4 75
4 84
4 86
4 87
4 88
4 89
4 97
4 100
4 101
4 103
4 104
4 105
4 107
4 108
4 109
4 110
4 111
4 118
4 122
4 123
4 125
4 127
4 128
4 130
4 131
4 133
4 134
4 139
4 141
4 147
4 148
5 6
5 7
5 8
5 14
5 18
5 20
5 21
5 22
5 23
5 25
5 27
5 29
5 30
5 33
5 42
5 44
5 46
5 48
5 49
5 53
5 54
5 57
5 61
5 62
5 63
5 65
5 68
5 70
5 72
5 74
5 75
5 77
5 79
5 80
5 81
5 83
5 84
5 86
5 89
5 90
5 93
5 103
5 105
5 106
5 107
5 108
5 110
5 111
5 113
5 115
5 116
5 117
5 123
5 125
5 128
5 131
5 132
5 134
5 135
5 136
5 137
5 141
5 142
5 144
5 147
5 148
6 7
6 8
6 10
6 11
6 12
6 17
6 19
6 22
6 28
6 29
6 30
6 33
6 34
6 36
6 37
6 38
6 39
6 40
6 41
6 42
6 43
6 44
6 48
6 49
6 50
6 51
6 55
6 58
6 59
6 60
6 67
6 68
6 69
6 73
6 74
6 75
6 76
6 77
6 78
6 79
6 82
6 84
6 86
6 88
6 90
6 94
6 97
6 98
6 100
6 101
6 104
6 105
6 109
6 111
6 114
6 115
6 118
6 121
6 123
6 125
6 126
6 127
6 133
6 136
6 137
6 138
6 139
6 145
7 8
7 9
7 10
7 11
7 12
7 13
7 15
7 16
7 18
7 21
7 25
7 29
7 33
7 36
7 40
7 41
7 46
7 49
7 52
7 55
7 56
7 57
7 62
7 64
7 66
7 67
7 69
7 71
7 72
7 73
7 74
7 76
7 77
7 78
7 81
7 82
7 85
7 86
7 87
7 90
7 95
7 96
7 99
7 100
7 102
7 103
7 105
7 106
7 107
7 109
7 111
7 114
7 115
7 116
7 118
7 122
7 124
7 127
7 128
7 129
7 135
7 140
7 141
7 142
7 143
7 144
7 146
7 147
7 148
8 9
8 10
8 11
8 13
8 15
8 18
8 19
8 23
8 24
8 29
8 30
8 35
8 38
8 41
8 43
8 44
8 46
8 47
8 48
8 53
8 56
8 59
8 61
8 62
8 63
8 65
8 66
8 67
8 68
8 70
8 71
8 73
8 75
8 77
8 78
8 81
8 85
8 86
8 87
8 88
8 96
8 97
8 99
8 100
8 102
8 103
8 106
8 107
8 109
8 110
8 111
8 112
8 115
8 116
8 117
8 119
8 123
8 124
8 125
8 127
8 129
8 133
8 137
8 138
8 139
8 141
8 142
8 143
8 146
8 149
9 10
9 11
9 14
9 15
9 17
9 19
9 22
9 24
9 25
9 26
9 28
9 32
9 33
9 34
9 36
9 37
9 38
9 39
9 40
9 41
9 42
9 44
9 46
9 47
9 48
9 49
9 54
9 58
9 60
9 61
9 68
9 73
9 74
9 75
9 76
9 80
9 82
9 85
9 86
9 87
9 88
9 89
9 90
9 91
9 92
9 93
9 98
9 99
9 101
9 105
9 108
9 110
9 112
9 113
9 115
9 116
9 119
9 121
9 123
9 124
9 126
9 132
9 133
9 134
9 135
9 136
9 138
9 141
9 143
9 144
9 146
9 149
10 11
10 13
10 15
10 18
10 19
10 20
10 23
10 24
10 27
10 28
10 29
10 33
10 35
10 36
10 42
10 43
10 44
10 45
10 47
10 48
10 49
10 50
10 53
10 57
10 58
10 59
10 60
10 61
10 65
10 66
10 68
10 69
10 70
10 72
10 73
10 74
10 75
10 77
10 82
10 84
10 85
10 87
10 91
10 92
10 93
10 94
10 97
10 98
10 101
10 108
10 110
10 113
10 115
10 118
10 123
10 126
10 128
10 129
10 130
10 131
10 132
10 136
10 141
10 142
10 143
10 144
10 145
10 146
11 12
11 14
11 16
11 18
11 19
11 22
11 27
11 28
11 30
11 31
11 32
11 36
11 38
11 39
11 40
11 42
11 43
11 45
11 46
11 49
11 52
11 53
11 54
11 55
11 58
11 59
11 61
11 62
11 65
11 66
11 67
11 68
11 71
11 73
11 74
11 75
11 77
11 82
11 83
11 85
11 86
11 91
11 92
11 93
11 95
11 97
11 98
11 100
11 101
11 102
11 105
11 111
11 113
11 118
11 120
11 122
11 123
11 125
11 130
11 135
11 136
11 139
11 142
11 143
11 145
11 146
11 149
11 150
12 13
12 15
12 19
12 22
12 23
12 24
12 25
12 27
12 28
12 29
12 31
12 32
12 34
12 36
12 37
12 39
12 40
12 41
12 44
12 48
12 50
12 51
12 53
12 56
12 58
12 59
12 60
12 61
12 62
12 65
12 72
12 74
12 75
12 76
12 78
12 79
12 81
12 82
12 83
12 85
12 88
12 89
12 93
12 94
12 96
12 97
12 99
12 102
12 103
12 107
12 108
12 110
12 111
12 114
12 115
12 116
12 118
12 119
12 123
12 127
12 128
12 133
12 134
12 138
12 140
12 141
12 142
12 144
12 146
12 147
12 149
13 14
13 18
13 22
13 24
13 27
13 28
13 31
13 34
13 37
13 42
13 43
13 45
13 46
13 47
13 51
13 53
13 54
13 55
13 58
13 59
13 60
13 63
13 65
13 67
13 68
13 72
13 74
13 77
13 80
13 81
13 84
13 85
13 86
13 87
13 89
13 92
13 95
13 96
13 98
13 102
13 104
13 105
13 111
13 112
13 116
13 118
13 119
13 120
13 121
13 123
13 124
13 125
13 128
13 129
13 132
13 133
13 134
13 137
13 142
13 144
13 146
13 147
13 148
14 15
14 16
14 17
14 18
14 19
14 21
14 22
14 23
14 24
14 26
14 27
14 30
14 32
14 33
14 34
14 35
14 37
14 39
14 44
14 45
14 46
14 47
14 48
14 50
14 51
14 52
14 57
14 58
14 61
14 63
14 64
14 66
14 67
14 68
14 71
14 74
14 80
14 81
14 84
14 85
14 91
14 95
14 96
14 102
14 104
14 106
14 107
14 108
14 109
14 111
14 112
14 114
14 116
14 118
14 119
14 121
14 126
14 127
14 130
14 132
14 134
14 136
14 138
14 139
14 140
14 144
14 145
14 146
14 147
14 148
14 150
15 16
15 17
15 19
15 20
15 21
15 24
15 27
15 30
15 33
15 34
15 39
15 40
15 42
15 43
15 45
15 46
15 49
15 50
15 53
15 61
15 63
15 66
15 68
15 70
15 71
15 72
15 82
15 83
15 86
15 88
15 89
15 90
15 92
15 95
15 98
15 99
15 101
15 104
15 105
15 109
15 110
15 111
15 112
15 113
15 114
15 115
15 120
15 121
15 122
15 123
15 130
15 134
15 135
15 136
15 138
15 139
15 140
15 141
15 143
15 145
15 146
15 150
16 17
16 20
16 21
16 24
16 25
16 27
16 29
16 32
16 34
16 38
16 41
16 42
16 46
16 48
16 50
16 52
16 54
16 56
16 58
16 59
16 60
16 63
16 66
16 68
16 69
16 73
16 75
16 78
16 79
16 82
16 83
16 84
16 85
16 87
16 88
16 94
16 95
16 98
16 99
16 100
16 101
16 103
16 105
16 107
16 108
16 109
16 110
16 111
16 112
16 113
16 115
16 118
16 119
16 120
16 121
16 122
16 124
16 125
16 126
16 129
16 131
16 132
16 135
16 136
16 138
16 142
16 145
16 146
16 147
17 18
17 19
17 21
17 22
17 23
17 25
17 26
17 27
17 28
17 31
17 33
17 34
17 35
17 38
17 39
17 45
17 46
17 50
17 51
17 53
17 54
17 57
17 63
17 65
17 69
17 73
17 75
17 77
17 79
17 80
17 82
17 83
17 84
17 88
17 90
17 91
17 94
17 98
17 102
17 103
17 104
17 105
17 106
17 108
17 110
17 111
17 113
17 117
17 118
17 119
17 122
17 124
17 126
17 128
17 129
17 130
17 132
17 134
17 135
17 138
17 140
17 142
17 143
17 144
17 145
17 146
17 149
18 19
18 22
18 24
18 26
18 30
18 31
18 32
18 38
18 39
18 42
18 46
18 47
18 48
18 52
18 57
18 59
18 60
18 64
18 65
18 66
18 68
18 70
18 71
18 72
18 73
18 74
18 76
18 77
18 81
18 85
18 88
18 89
18 91
18 97
18 99
18 100
18 101
18 102
18 104
18 105
18 107
18 112
18 115
18 116
18 121
18 124
18 128
18 129
18 131
18 133
18 134
18 135
18 136
18 137
18 138
18 141
18 146
18 147
19 20
19 21
19 24
19 25
19 29
19 30
19 32
19 35
19 38
19 39
19 41
19 42
19 43
19 44
19 45
19 46
19 48
19 50
19 52
19 54
19 56
19 58
19 60
19 62
19 64
19 66
19 67
19 68
19 71
19 72
19 74
19 75
19 80
19 83
19 84
19 86
19 87
19 88
19 89
19 90
19 91
19 92
19 95
19 98
19 99
19 102
19 103
19 104
19 106
19 108
19 110
19 112
19 113
19 114
19 115
19 118
19 119
19 121
19 122
19 127
19 129
19 131
19 137
19 138
19 139
19 140
19 147
19 148
20 21
20 22
20 23
20 24
20 26
20 30
20 32
20 33
20 34
20 37
20 38
20 41
20 43
20 44
20 47
20 48
20 50
20 51
20 52
20 54
20 55
20 56
20 57
20 59
20 62
20 64
20 66
20 70
20 73
20 74
20 75
20 76
20 81
20 82
20 84
20 91
20 93
20 95
20 96
20 97
20 98
20 100
20 105
20 106
20 107
20 108
20 109
20 110
20 111
20 112
20 113
20 115
20 117
20 119
20 123
20 124
20 126
20 130
20 132
20 133
20 135
20 141
20 142
20 144
20 145
20 146
20 147
20 148
21 22
21 24
21 25
21 28
21 35
21 37
21 38
21 39
21 41
21 42
21 43
21 51
21 54
21 57
21 63
21 64
21 69
21 72
21 74
21 75
21 76
21 77
21 81
21 85
21 86
21 87
21 88
21 91
21 93
21 95
21 97
21 98
21 99
21 104
21 107
21 110
21 111
21 115
21 117
21 118
21 119
21 120
21 122
21 123
21 125
21 126
21 129
21 130
21 131
21 134
21 135
21 138
21 139
21 141
21 142
21 145
21 146
21 148
21 149
22 23
22 25
22 28
22 32
22 35
22 36
22 39
22 41
22 45
22 47
22 48
22 50
22 52
22 54
22 55
22 56
22 58
22 59
22 60
22 61
22 62
22 63
22 65
22 70
22 73
22 75
22 78
22 83
22 85
22 86
22 89
22 90
22 91
22 94
22 97
22 99
22 100
22 104
22 105
22 106
22 107
22 110
22 113
22 114
22 116
22 119
22 120
22 121
22 123
22 125
22 128
22 129
22 134
22 135
22 139
22 140
22 143
22 144
22 145
22 146
23 24
23 25
23 26
23 28
23 29
23 31
23 32
23 33
23 34
23 36
23 39
23 41
23 42
23 43
23 46
23 47
23 48
23 49
23 50
23 51
23 52
23 53
23 56
23 57
23 58
23 59
23 62
23 65
23 66
23 69
23 70
23 71
23 72
23 75
23 77
23 80
23 82
23 83
23 86
23 87
23 88
23 89
23 90
23 91
23 99
23 100
23 104
23 105
23 109
23 110
23 112
23 113
23 114
23 115
23 116
23 118
23 120
23 121
23 124
23 128
23 131
23 132
23 134
23 135
23 136
23 142
23 144
23 148
23 149
23 150
24 25
24 26
24 28
24 33
24 34
24 38
24 39
24 40
24 42
24 43
24 46
24 51
24 53
24 58
24 62
24 63
24 64
24 65
24 66
24 67
24 71
24 72
24 75
24 79
24 82
24 83
24 86
24 91
24 92
24 94
24 95
24 96
24 97
24 98
24 100
24 101
24 102
24 105
24 106
24 111
24 112
24 117
24 119
24 121
24 123
24 124
24 125
24 127
24 129
24 130
24 131
24 132
24 135
24 136
24 139
24 140
24 141
24 142
24 143
24 145
24 146
24 147
24 149
24 150
25 26
25 29
25 30
25 31
25 38
25 39
25 40
25 47
25 49
25 50
25 51
25 52
25 53
25 54
25 55
25 59
25 61
25 64
25 67
25 70
25 71
25 72
25 73
25 74
25 75
25 77
25 81
25 84
25 89
25 90
25 93
25 94
25 97
25 100
25 102
25 104
25 105
25 107
25 108
25 110
25 112
25 115
25 116
25 117
25 119
25 120
25 126
25 127
25 128
25 130
25 132
25 134
25 135
25 136
25 137
25 138
25 140
25 142
25 143
25 145
25 147
25 148
25 149
26 27
26 28
26 32
26 34
26 39
26 44
26 45
26 47
26 52
26 53
26 56
26 59
26 60
26 63
26 65
26 66
26 68
26 71
26 72
26 73
26 76
26 77
26 78
26 79
26 80
26 81
26 82
26 85
26 86
26 88
26 89
26 95
26 97
26 98
26 103
26 106
26 109
26 111
26 113
26 114
26 115
26 116
26 117
26 118
26 119
26 120
26 121
26 122
26 126
26 128
26 133
26 134
26 135
26 140
26 141
26 142
26 145
26 147
26 148
27 28
27 29
27 30
27 31
27 33
27 36
27 37
27 38
27 40
27 41
27 42
27 45
27 46
27 48
27 51
27 53
27 57
27 59
27 60
27 63
27 67
27 68
27 69
27 70
27 71
27 73
27 76
27 78
27 79
27 81
27 82
27 84
27 85
27 87
27 88
27 92
27 95
27 96
27 97
27 98
27 99
27 101
27 102
27 103
27 104
27 107
27 111
27 114
27 115
27 117
27 118
27 119
27 121
27 123
27 124
27 128
27 129
27 135
27 137
27 138
27 139
27 142
27 143
27 145
27 147
27 148
28 29
28 30
28 31
28 32
28 35
28 42
28 43
28 45
28 46
28 47
28 48
28 51
28 52
28 53
28 60
28 61
28 63
28 65
28 68
28 69
28 70
28 73
28 74
28 81
28 82
28 83
28 84
28 88
28 90
28 91
28 95
28 96
28 97
28 98
28 101
28 102
28 104
28 106
28 111
28 113
28 115
28 119
28 120
28 123
28 128
28 129
28 130
28 133
28 135
28 137
28 141
28 142
28 144
28 146
28 147
29 30
29 31
29 34
29 37
29 39
29 41
29 42
29 43
29 44
29 45
29 48
29 50
29 52
29 53
29 55
29 57
29 58
29 61
29 65
29 68
29 69
29 73
29 74
29 75
29 76
29 79
29 80
29 84
29 85
29 89
29 92
29 94
29 95
29 96
29 98
29 100
29 103
29 104
29 108
29 109
29 110
29 112
29 115
29 116
29 117
29 123
29 124
29 125
29 129
29 132
29 133
29 135
29 136
29 138
29 139
29 141
29 142
29 143
29 144
29 145
29 148
29 150
30 31
30 33
30 35
30 36
30 38
30 39
30 40
30 41
30 42
30 43
30 50
30 51
30 52
30 53
30 54
30 55
30 58
30 63
30 65
30 66
30 72
30 73
30 74
30 75
30 80
30 81
30 84
30 85
30 88
30 92
30 96
30 97
30 99
30 101
30 102
30 103
30 105
30 106
30 112
30 113
30 116
30 119
30 120
30 123
30 126
30 127
30 130
30 132
30 133
30 135
30 137
30 138
30 141
30 142
30 144
30 145
30 147
30 149
31 32
31 33
31 36
31 38
31 40
31 41
31 42
31 43
31 44
31 46
31 48
31 49
31 50
31 51
31 54
31 55
31 57
31 59
31 60
31 61
31 63
31 65
31 66
31 67
31 68
31 74
31 75
31 77
31 79
31 81
31 82
31 88
31 91
31 93
31 97
31 98
31 99
31 101
31 102
31 103
31 114
31 115
31 116
31 118
31 119
31 124
31 125
31 126
31 127
31 128
31 129
31 132
31 133
31 134
31 135
31 136
31 137
31 139
31 142
31 143
31 145
31 147
31 149
32 33
32 34
32 35
32 39
32 41
32 42
32 44
32 50
32 51
32 52
32 55
32 56
32 57
32 58
32 60
32 63
32 64
32 65
32 68
32 69
32 71
32 72
32 77
32 79
32 80
32 81
32 82
32 83
32 84
32 86
32 87
32 90
32 91
32 93
32 94
32 95
32 96
32 97
32 98
32 99
32 102
32 103
32 106
32 107
32 108
32 110
32 113
32 114
32 115
32 116
32 117
32 118
32 119
32 121
32 122
32 124
32 125
32 126
32 127
32 130
32 136
32 138
32 139
32 141
32 142
32 144
32 145
32 149
32 150
33 34
33 35
33 36
33 37
33 41
33 42
33 44
33 45
33 46
33 47
33 48
33 49
33 55
33 56
33 60
33 61
33 63
33 64
33 65
33 66
33 68
33 70
33 71
33 72
33 73
33 74
33 77
33 78
33 79
33 82
33 85
33 88
33 90
33 91
33 96
33 99
33 105
33 107
33 108
33 109
33 110
33 111
33 112
33 113
33 117
33 119
33 120
33 122
33 124
33 129
33 130
33 136
33 138
33 139
33 143
33 144
33 149
34 35
34 36
34 38
34 41
34 44
34 45
34 49
34 50
34 52
34 53
34 54
34 56
34 58
34 59
34 61
34 62
34 63
34 64
34 67
34 68
34 69
34 70
34 71
34 74
34 77
34 78
34 80
34 83
34 85
34 86
34 87
34 88
34 89
34 90
34 91
34 93
34 95
34 98
34 100
34 102
34 106
34 107
34 111
34 116
34 118
34 119
34 121
34 122
34 123
34 124
34 125
34 126
34 128
34 129
34 133
34 137
34 138
34 139
34 141
34 146
34 147
34 148
35 36
35 37
35 39
35 44
35 46
35 49
35 50
35 51
35 52
35 54
35 55
35 56
35 57
35 58
35 60
35 61
35 64
35 65
35 66
35 67
35 71
35 73
35 75
35 81
35 83
35 84
35 86
35 87
35 89
35 90
35 94
35 97
35 100
35 103
35 109
35 111
35 112
35 113
35 114
35 115
35 118
35 119
35 121
35 122
35 123
35 126
35 131
35 134
35 139
35 140
35 143
35 144
35 147
36 37
36 38
36 39
36 40
36 41
36 48
36 54
36 56
36 57
36 59
36 60
36 61
36 62
36 64
36 68
36 69
36 70
36 72
36 74
36 76
36 78
36 79
36 81
36 82
36 85
36 86
36 88
36 89
36 90
36 91
36 93
36 94
36 95
36 96
36 98
36 100
36 101
36 103
36 104
36 107
36 112
36 113
36 116
36 121
36 122
36 123
36 126
36 127
36 128
36 130
36 134
36 139
36 140
36 141
36 143
36 144
36 147
36 148
36 150
37 38
37 40
37 41
37 46
37 53
37 57
37 58
37 60
37 61
37 62
37 64
37 65
37 67
37 68
37 69
37 70
37 75
37 77
37 78
37 83
37 87
37 88
37 89
37 90
37 91
37 98
37 101
37 103
37 105
37 111
37 113
37 114
37 115
37 117
37 121
37 124
37 125
37 128
37 130
37 132
37 134
37 135
37 138
37 143
37 144
37 145
37 147
37 149
38 39
38 42
38 43
38 46
38 48
38 49
38 51
38 53
38 54
38 55
38 58
38 61
38 62
38 63
38 64
38 67
38 70
38 71
38 72
38 73
38 74
38 75
38 76
38 78
38 79
38 81
38 82
38 84
38 85
38 86
38 88
38 90
38 91
38 95
38 97
38 98
38 100
38 101
38 102
38 106
38 107
38 109
38 111
38 116
38 119
38 120
38 121
38 122
38 123
38 124
38 126
38 127
38 128
38 130
38 132
38 133
38 137
38 138
38 139
38 140
38 142
38 143
38 144
38 145
38 146
38 148
39 40
39 42
39 45
39 47
39 48
39 49
39 50
39 51
39 52
39 53
39 54
39 60
39 62
39 63
39 67
39 69
39 70
39 71
39 75
39 76
39 78
39 79
39 81
39 82
39 90
39 93
39 94
39 98
39 99
39 101
39 102
39 109
39 110
39 114
39 115
39 116
39 119
39 120
39 121
39 122
39 123
39 124
39 125
39 129
39 130
39 132
39 135
39 137
39 138
39 139
39 141
39 142
39 143
39 144
39 145
39 148
39 149
40 41
40 42
40 47
40 48
40 51
40 52
40 53
40 54
40 55
40 57
40 58
40 60
40 63
40 65
40 66
40 68
40 71
40 72
40 73
40 75
40 76
40 77
40 78
40 80
40 82
40 83
40 85
40 86
40 87
40 88
40 91
40 92
40 94
40 96
40 97
40 98
40 99
40 101
40 102
40 103
40 104
40 105
40 107
40 108
40 109
40 112
40 116
40 119
40 123
40 125
40 126
40 128
40 130
40 131
40 133
40 137
40 139
40 141
40 145
40 146
40 148
40 149
41 42
41 44
41 46
41 47
41 52
41 54
41 55
41 57
41 59
41 63
41 64
41 65
41 67
41 68
41 69
41 71
41 73
41 74
41 76
41 78
41 79
41 84
41 85
41 86
41 88
41 91
41 92
41 94
41 96
41 97
41 98
41 100
41 101
41 102
41 104
41 107
41 110
41 111
41 117
41 119
41 120
41 121
41 122
41 125
41 126
41 127
41 128
41 130
41 131
41 133
41 137
41 138
41 140
41 141
41 142
41 143
41 144
41 145
41 149
42 43
42 44
42 46
42 48
42 49
42 52
42 53
42 56
42 57
42 58
42 60
42 61
42 63
42 65
42 67
42 71
42 77
42 78
42 79
42 83
42 84
42 85
42 86
42 89
42 91
42 93
42 96
42 100
42 101
42 103
42 104
42 106
42 108
42 109
42 110
42 111
42 112
42 113
42 115
42 118
42 119
42 120
42 123
42 124
42 128
42 129
42 130
42 131
42 133
42 134
42 140
42 144
42 147
42 148
42 149
43 44
43 45
43 46
43 48
43 49
43 50
43 51
43 52
43 53
43 57
43 58
43 62
43 63
43 67
43 68
43 71
43 73
43 74
43 75
43 80
43 83
43 85
43 86
43 89
43 90
43 95
43 96
43 98
43 100
43 102
43 103
43 104
43 105
43 106
43 110
43 113
43 114
43 115
43 116
43 118
43 120
43 125
43 126
43 127
43 128
43 131
43 132
43 134
43 137
43 138
43 140
43 141
43 142
43 143
43 146
43 147
43 148
43 150
44 45
44 46
44 48
44 49
44 51
44 52
44 53
44 54
44 55
44 57
44 58
44 59
44 63
44 66
44 67
44 68
44 70
44 73
44 74
44 76
44 82
44 83
44 84
44 88
44 92
44 93
44 94
44 95
44 99
44 102
44 104
44 105
44 106
44 107
44 108
44 109
44 110
44 114
44 115
44 116
44 119
44 124
44 125
44 127
44 128
44 129
44 131
44 135
44 139
44 143
44 144
44 148
45 46
45 49
45 50
45 51
45 52
45 53
45 54
45 60
45 61
45 62
45 65
45 66
45 67
45 72
45 73
45 74
45 75
45 76
45 77
45 78
45 79
45 80
45 81
45 88
45 90
45 91
45 93
45 97
45 102
45 103
45 104
45 107
45 108
45 110
45 112
45 114
45 116
45 118
45 120
45 121
45 130
45 131
45 134
45 135
45 136
45 137
45 140
45 143
45 144
45 148
45 149
46 47
46 50
46 52
46 53
46 54
46 56
46 57
46 58
46 61
46 64
46 66
46 68
46 69
46 70
46 71
46 72
46 73
46 76
46 80
46 84
46 86
46 88
46 93
46 95
46 96
46 97
46 99
46 102
46 103
46 107
46 108
46 109
46 110
46 111
46 112
46 113
46 115
46 116
46 118
46 119
46 120
46 121
46 122
46 123
46 124
46 127
46 128
46 130
46 132
46 133
46 134
46 135
46 138
46 140
46 141
46 146
46 147
47 48
47 49
47 50
47 55
47 56
47 59
47 60
47 62
47 67
47 71
47 72
47 73
47 76
47 77
47 79
47 91
47 95
47 101
47 103
47 105
47 107
47 108
47 109
47 110
47 112
47 114
47 116
47 117
47 118
47 119
47 127
47 130
47 133
47 136
47 140
47 143
47 144
47 148
47 150
48 49
48 52
48 53
48 54
48 57
48 59
48 62
48 63
48 64
48 67
48 68
48 71
48 73
48 74
48 84
48 85
48 86
48 89
48 91
48 94
48 95
48 97
48 99
48 101
48 102
48 103
48 104
48 107
48 108
48 109
48 111
48 112
48 113
48 114
48 115
48 118
48 121
48 125
48 127
48 130
48 131
48 132
48 133
48 135
48 137
48 138
48 140
48 142
48 143
48 145
48 146
48 147
48 150
49 50
49 51
49 52
49 54
49 56
49 57
49 59
49 60
49 61
49 64
49 68
49 75
49 77
49 80
49 82
49 84
49 85
49 86
49 87
49 88
49 90
49 91
49 94
49 95
49 96
49 99
49 101
49 102
49 105
49 107
49 108
49 109
49 114
49 115
49 116
49 117
49 118
49 122
49 123
49 125
49 126
49 127
49 128
49 131
49 132
49 133
49 137
49 141
49 142
49 143
49 145
49 150
50 51
50 55
50 56
50 57
50 60
50 67
50 68
50 72
50 73
50 78
50 81
50 82
50 84
50 85
50 87
50 90
50 91
50 93
50 98
50 99
50 103
50 104
50 114
50 116
50 117
50 118
50 119
50 121
50 122
50 123
50 132
50 134
50 135
50 136
50 137
50 138
50 140
50 143
50 144
50 147
51 52
51 59
51 60
51 62
51 66
51 68
51 69
51 71
51 74
51 77
51 80
51 81
51 83
51 86
51 87
51 89
51 93
51 95
51 97
51 102
51 103
51 105
51 106
51 107
51 108
51 113
51 115
51 117
51 119
51 121
51 123
51 127
51 131
51 137
51 138
51 139
51 141
51 144
51 145
51 146
51 149
52 53
52 56
52 57
52 58
52 61
52 63
52 64
52 65
52 67
52 69
52 70
52 71
52 72
52 76
52 77
52 81
52 82
52 83
52 84
52 86
52 87
52 88
52 90
52 93
52 95
52 97
52 98
52 101
52 104
52 105
52 106
52 107
52 112
52 113
52 114
52 115
52 119
52 121
52 122
52 123
52 126
52 127
52 128
52 130
52 131
52 132
52 133
52 134
52 135
52 137
52 138
52 139
52 140
52 141
52 145
52 147
52 149
53 54
53 55
53 57
53 59
53 60
53 61
53 62
53 64
53 66
53 68
53 69
53 72
53 74
53 75
53 76
53 79
53 82
53 83
53 85
53 86
53 87
53 88
53 89
53 90
53 91
53 92
53 93
53 94
53 97
53 99
53 100
53 103
53 104
53 108
53 109
53 110
53 111
53 112
53 113
53 115
53 116
53 117
53 118
53 119
53 121
53 125
53 126
53 128
53 130
53 143
53 144
53 147
53 148
53 149
53 150
54 55
54 56
54 59
54 65
54 67
54 68
54 70
54 73
54 74
54 75
54 76
54 77
54 78
54 79
54 81
54 83
54 84
54 85
54 87
54 88
54 92
54 93
54 95
54 96
54 97
54 98
54 99
54 100
54 101
54 102
54 103
54 104
54 108
54 110
54 113
54 115
54 119
54 120
54 125
54 127
54 129
54 130
54 131
54 132
54 134
54 135
54 136
54 140
54 141
54 143
54 144
54 145
54 149
55 56
55 59
55 60
55 63
55 64
55 65
55 66
55 69
55 70
55 71
55 73
55 74
55 75
55 77
55 80
55 81
55 82
55 84
55 86
55 87
55 91
55 92
55 93
55 94
55 99
55 100
55 103
55 104
55 109
55 111
55 117
55 118
55 119
55 123
55 125
55 126
55 127
55 129
55 130
55 131
55 132
55 134
55 136
55 137
55 139
55 143
55 145
56 57
56 60
56 67
56 68
56 70
56 71
56 72
56 73
56 74
56 75
56 78
56 79
56 82
56 84
56 85
56 87
56 89
56 90
56 91
56 92
56 93
56 95
56 97
56 98
56 99
56 100
56 101
56 102
56 103
56 104
56 107
56 109
56 110
56 112
56 113
56 115
56 117
56 121
56 122
56 124
56 125
56 126
56 127
56 130
56 131
56 132
56 136
56 137
56 138
56 139
56 141
56 145
56 147
56 149
56 150
57 58
57 59
57 60
57 61
57 65
57 68
57 70
57 72
57 73
57 74
57 76
57 77
57 79
57 82
57 84
57 85
57 86
57 93
57 95
57 96
57 97
57 98
57 101
57 102
57 103
57 104
57 114
57 119
57 121
57 123
57 124
57 127
57 128
57 129
57 133
57 134
57 136
57 139
57 140
57 141
57 145
58 59
58 61
58 62
58 65
58 67
58 69
58 70
58 71
58 73
58 76
58 78
58 81
58 83
58 85
58 87
58 90
58 92
58 93
58 95
58 96
58 98
58 99
58 101
58 107
58 108
58 109
58 110
58 115
58 116
58 117
58 120
58 121
58 123
58 126
58 128
58 129
58 130
58 134
58 136
58 139
58 140
58 141
58 144
58 146
59 60
59 69
59 71
59 74
59 75
59 76
59 80
59 81
59 82
59 83
59 84
59 86
59 87
59 90
59 91
59 93
59 94
59 95
59 98
59 101
59 102
59 105
59 107
59 108
59 109
59 111
59 112
59 115
59 117
59 118
59 119
59 120
59 121
59 122
59 126
59 127
59 128
59 129
59 130
59 132
59 135
59 136
59 137
59 141
59 143
59 146
59 147
59 148
59 149
60 61
60 62
60 65
60 66
60 68
60 69
60 70
60 72
60 73
60 74
60 75
60 77
60 79
60 81
60 82
60 83
60 87
60 94
60 95
60 97
60 98
60 100
60 103
60 106
60 107
60 109
60 110
60 112
60 113
60 115
60 116
60 117
60 118
60 119
60 120
60 121
60 122
60 123
60 124
60 127
60 128
60 129
60 130
60 132
60 134
60 137
60 140
60 143
60 144
60 147
60 148
60 149
61 62
61 63
61 66
61 69
61 73
61 74
61 76
61 79
61 81
61 82
61 85
61 86
61 93
61 94
61 95
61 100
61 101
61 103
61 104
61 105
61 106
61 108
61 110
61 111
61 112
61 113
61 114
61 116
61 117
61 120
61 121
61 122
61 124
61 125
61 129
61 131
61 133
61 135
61 136
61 137
61 141
61 142
61 148
61 149
62 63
62 64
62 66
62 67
62 70
62 72
62 73
62 74
62 75
62 78
62 79
62 80
62 81
62 84
62 86
62 87
62 88
62 90
62 91
62 92
62 101
62 107
62 108
62 109
62 116
62 117
62 119
62 123
62 127
62 128
62 129
62 133
62 135
62 139
62 140
62 141
62 142
62 143
62 144
62 145
62 146
62 147
62 148
62 150
63 64
63 66
63 70
63 71
63 72
63 73
63 74
63 75
63 76
63 79
63 80
63 82
63 84
63 85
63 87
63 88
63 89
63 90
63 93
63 98
63 99
63 101
63 103
63 104
63 107
63 108
63 111
63 112
63 113
63 115
63 120
63 122
63 123
63 130
63 133
63 142
63 143
63 145
63 148
64 65
64 66
64 68
64 71
64 72
64 77
64 78
64 80
64 82
64 83
64 84
64 85
64 86
64 87
64 89
64 91
64 92
64 93
64 95
64 96
64 98
64 99
64 100
64 101
64 103
64 104
64 105
64 113
64 114
64 115
64 116
64 117
64 118
64 119
64 121
64 123
64 124
64 125
64 127
64 129
64 130
64 131
64 132
64 135
64 138
64 145
64 146
64 147
64 148
64 150
65 66
65 69
65 70
65 71
65 73
65 74
65 76
65 79
65 82
65 83
65 87
65 90
65 92
65 93
65 94
65 95
65 100
65 103
65 104
65 105
65 109
65 111
65 112
65 113
65 115
65 117
65 120
65 124
65 125
65 129
65 131
65 133
65 139
65 141
65 143
65 146
65 148
65 149
66 67
66 71
66 72
66 73
66 79
66 80
66 83
66 85
66 86
66 87
66 88
66 90
66 91
66 93
66 95
66 96
66 97
66 100
66 102
66 103
66 104
66 106
66 107
66 108
66 109
66 110
66 115
66 116
66 118
66 121
66 122
66 123
66 124
66 125
66 128
66 130
66 132
66 133
66 136
66 138
66 139
66 140
66 141
66 143
66 144
66 146
66 148
67 68
67 70
67 71
67 72
67 73
67 74
67 76
67 77
67 78
67 80
67 81
67 82
67 85
67 87
67 88
67 91
67 96
67 97
67 99
67 100
67 101
67 102
67 104
67 106
67 107
67 110
67 112
67 114
67 115
67 117
67 118
67 119
67 121
67 125
67 127
67 128
67 130
67 131
67 132
67 136
67 137
67 138
67 140
67 146
67 147
68 69
68 70
68 73
68 74
68 75
68 76
68 78
68 80
68 82
68 83
68 86
68 87
68 89
68 93
68 95
68 96
68 97
68 98
68 100
68 101
68 102
68 104
68 107
68 110
68 111
68 114
68 117
68 122
68 126
68 127
68 128
68 130
68 133
68 136
68 138
68 142
68 143
68 146
69 70
69 73
69 74
69 79
69 80
69 81
69 84
69 89
69 94
69 97
69 99
69 104
69 105
69 106
69 109
69 111
69 112
69 113
69 115
69 116
69 117
69 119
69 122
69 124
69 125
69 126
69 128
69 130
69 132
69 133
69 134
69 135
69 137
69 143
69 144
69 145
69 146
69 147
69 148
69 149
70 71
70 72
70 74
70 76
70 77
70 78
70 80
70 81
70 83
70 86
70 87
70 88
70 89
70 90
70 93
70 97
70 99
70 101
70 102
70 104
70 106
70 107
70 108
70 111
70 112
70 113
70 114
70 122
70 123
70 124
70 129
70 130
70 133
70 134
70 136
70 137
70 138
70 139
70 141
70 142
70 143
70 145
70 147
70 150
71 72
71 73
71 75
71 78
71 80
71 81
71 83
71 86
71 88
71 89
71 91
71 92
71 94
71 95
71 100
71 101
71 102
71 104
71 105
71 111
71 112
71 113
71 117
71 119
71 122
71 125
71 128
71 129
71 134
71 135
71 136
71 137
71 139
71 141
71 142
71 143
71 144
71 145
71 148
71 150
72 73
72 74
72 75
72 77
72 78
72 79
72 81
72 85
72 90
72 92
72 93
72 96
72 101
72 105
72 106
72 109
72 112
72 113
72 117
72 120
72 121
72 124
72 125
72 126
72 131
72 133
72 134
72 136
72 138
72 142
72 143
72 145
72 147
72 148
73 74
73 75
73 79
73 80
73 81
73 83
73 87
73 91
73 92
73 93
73 94
73 98
73 99
73 100
73 105
73 106
73 109
73 110
73 111
73 113
73 114
73 115
73 116
73 120
73 122
73 124
73 125
73 127
73 129
73 137
73 142
73 143
73 144
73 146
73 147
73 149
73 150
74 75
74 77
74 79
74 80
74 82
74 83
74 84
74 85
74 90
74 91
74 92
74 93
74 94
74 95
74 96
74 97
74 98
74 99
74 100
74 102
74 103
74 104
74 105
74 106
74 109
74 111
74 114
74 115
74 117
74 119
74 120
74 121
74 122
74 124
74 125
74 129
74 130
74 133
74 136
74 140
74 141
74 144
74 146
74 147
74 148
74 149
74 150
75 76
75 78
75 79
75 80
75 83
75 85
75 87
75 90
75 94
75 96
75 99
75 100
75 101
75 102
75 103
75 104
75 106
75 108
75 109
75 110
75 111
75 112
75 113
75 114
75 115
75 116
75 117
75 118
75 121
75 123
75 125
75 126
75 127
75 130
75 133
75 135
75 136
75 138
75 140
75 141
75 144
75 146
75 149
76 77
76 78
76 79
76 80
76 82
76 83
76 84
76 86
76 94
76 96
76 98
76 99
76 100
76 102
76 105
76 107
76 111
76 112
76 115
76 117
76 119
76 121
76 125
76 127
76 130
76 136
76 138
76 142
76 143
76 145
76 147
76 150
77 78
77 80
77 83
77 85
77 86
77 91
77 92
77 95
77 99
77 101
77 102
77 103
77 106
77 107
77 109
77 112
77 114
77 115
77 116
77 119
77 120
77 123
77 125
77 126
77 127
77 128
77 129
77 130
77 132
77 133
77 137
77 139
77 142
77 143
77 146
77 147
77 149
78 79
78 81
78 83
78 84
78 87
78 93
78 98
78 100
78 103
78 106
78 107
78 110
78 111
78 113
78 114
78 116
78 120
78 122
78 123
78 126
78 127
78 128
78 129
78 130
78 133
78 135
78 142
78 143
78 145
78 147
78 148
79 80
79 81
79 84
79 85
79 86
79 88
79 89
79 90
79 91
79 92
79 93
79 95
79 96
79 99
79 100
79 101
79 102
79 103
79 104
79 105
79 106
79 107
79 109
79 110
79 112
79 114
79 115
79 117
79 118
79 120
79 121
79 122
79 123
79 125
79 127
79 129
79 130
79 131
79 132
79 133
79 135
79 137
79 139
79 142
79 143
79 145
79 146
79 148
79 149
80 81
80 84
80 86
80 87
80 90
80 91
80 97
80 98
80 100
80 102
80 106
80 107
80 111
80 116
80 123
80 127
80 128
80 130
80 131
80 132
80 134
80 136
80 137
80 138
80 141
80 144
80 146
80 147
80 149
81 82
81 85
81 86
81 87
81 88
81 89
81 90
81 93
81 95
81 96
81 99
81 102
81 105
81 107
81 108
81 109
81 110
81 112
81 117
81 118
81 122
81 125
81 126
81 128
81 129
81 130
81 134
81 137
81 140
81 143
81 144
81 148
81 149
82 83
82 84
82 86
82 87
82 90
82 93
82 95
82 96
82 101
82 102
82 104
82 105
82 106
82 109
82 111
82 112
82 113
82 115
82 117
82 118
82 121
82 126
82 127
82 128
82 129
82 131
82 132
82 134
82 138
82 144
82 149
82 150
83 84
83 85
83 87
83 88
83 92
83 94
83 101
83 102
83 103
83 104
83 105
83 108
83 109
83 110
83 111
83 113
83 114
83 115
83 116
83 117
83 118
83 119
83 120
83 121
83 122
83 128
83 129
83 130
83 131
83 132
83 133
83 136
83 138
83 139
83 141
83 150
84 85
84 89
84 90
84 91
84 94
84 97
84 98
84 99
84 102
84 103
84 108
84 111
84 114
84 115
84 116
84 117
84 121
84 127
84 128
84 129
84 131
84 135
84 136
84 137
84 138
84 142
84 143
84 144
84 146
84 147
84 148
85 86
85 89
85 91
85 92
85 95
85 100
85 103
85 113
85 114
85 115
85 118
85 119
85 120
85 121
85 122
85 123
85 125
85 127
85 128
85 132
85 138
85 139
85 140
85 141
86 87
86 88
86 89
86 90
86 91
86 92
86 93
86 94
86 97
86 98
86 99
86 100
86 102
86 103
86 104
86 107
86 108
86 111
86 112
86 113
86 114
86 115
86 118
86 119
86 122
86 123
86 124
86 125
86 127
86 128
86 129
86 130
86 131
86 134
86 137
86 138
86 141
86 142
86 144
86 146
86 147
86 149
86 150
87 88
87 89
87 91
87 93
87 95
87 99
87 100
87 102
87 106
87 107
87 108
87 109
87 115
87 119
87 120
87 121
87 125
87 126
87 127
87 128
87 129
87 131
87 132
87 133
87 134
87 137
87 141
87 145
87 147
87 149
87 150
88 89
88 93
88 95
88 100
88 103
88 105
88 106
88 109
88 111
88 112
88 118
88 120
88 126
88 127
88 128
88 129
88 130
88 133
88 134
88 136
88 138
88 140
88 141
88 142
88 145
88 146
88 147
89 90
89 92
89 93
89 94
89 95
89 100
89 104
89 105
89 106
89 108
89 113
89 115
89 118
89 123
89 125
89 130
89 131
89 132
89 133
89 135
89 137
89 143
89 146
89 147
89 149
89 150
90 91
90 93
90 96
90 99
90 100
90 101
90 102
90 103
90 104
90 105
90 108
90 109
90 110
90 111
90 112
90 113
90 114
90 115
90 116
90 117
90 118
90 121
90 122
90 123
90 125
90 126
90 129
90 131
90 132
90 134
90 137
90 138
90 140
90 141
90 145
90 147
90 149
90 150
91 92
91 93
91 98
91 101
91 108
91 109
91 110
91 113
91 114
91 115
91 116
91 118
91 119
91 120
91 122
91 124
91 125
91 126
91 127
91 131
91 133
91 134
91 135
91 139
91 140
91 143
91 145
91 147
91 150
92 93
92 95
92 98
92 99
92 101
92 104
92 106
92 107
92 108
92 110
92 112
92 113
92 114
92 115
92 116
92 117
92 118
92 121
92 122
92 124
92 128
92 129
92 130
92 133
92 135
92 139
92 142
92 143
92 144
92 145
92 147
92 148
92 149
92 150
93 94
93 95
93 96
93 97
93 101
93 102
93 105
93 106
93 107
93 110
93 111
93 112
93 115
93 122
93 125
93 126
93 127
93 129
93 132
93 134
93 136
93 137
93 138
93 144
93 146
93 147
93 148
94 95
94 96
94 97
94 99
94 100
94 103
94 104
94 105
94 106
94 107
94 108
94 109
94 115
94 117
94 119
94 120
94 122
94 124
94 132
94 133
94 134
94 136
94 140
94 142
94 145
94 146
94 147
94 148
94 149
95 96
95 98
95 99
95 100
95 102
95 103
95 111
95 117
95 118
95 120
95 121
95 122
95 128
95 132
95 133
95 134
95 136
95 137
95 140
95 143
95 147
96 97
96 102
96 106
96 108
96 109
96 110
96 111
96 112
96 115
96 118
96 119
96 120
96 122
96 123
96 126
96 127
96 128
96 129
96 130
96 131
96 136
96 137
96 138
96 139
96 140
96 142
96 143
96 148
96 149
96 150
97 98
97 100
97 102
97 103
97 105
97 108
97 109
97 114
97 116
97 119
97 120
97 121
97 124
97 127
97 128
97 129
97 133
97 134
97 139
97 140
97 143
97 146
97 147
97 148
97 150
98 99
98 100
98 102
98 103
98 104
98 105
98 107
98 108
98 109
98 111
98 114
98 116
98 118
98 119
98 120
98 121
98 123
98 124
98 126
98 127
98 128
98 130
98 131
98 132
98 133
98 134
98 135
98 136
98 138
98 140
98 142
98 143
98 144
98 146
98 147
98 148
98 150
99 100
99 101
99 102
99 104
99 105
99 107
99 108
99 110
99 111
99 112
99 114
99 117
99 118
99 120
99 122
99 123
99 124
99 125
99 126
99 127
99 129
99 130
99 132
99 133
99 140
99 141
99 142
99 143
99 145
99 147
99 148
99 149
100 101
100 103
100 105
100 106
100 107
100 109
100 114
100 117
100 118
100 120
100 122
100 126
100 127
100 128
100 129
100 130
100 132
100 135
100 138
100 140
100 141
100 142
100 143
100 144
100 145
100 146
100 147
100 148
100 150
101 102
101 104
101 105
101 108
101 110
101 111
101 116
101 118
101 119
101 121
101 122
101 123
101 127
101 128
101 130
101 131
101 133
101 136
101 138
101 140
101 141
101 142
101 145
101 147
102 103
102 104
102 105
102 106
102 108
102 109
102 110
102 111
102 113
102 115
102 116
102 118
102 120
102 121
102 123
102 125
102 126
102 128
102 129
102 130
102 132
102 135
102 136
102 142
102 147
103 104
103 106
103 107
103 109
103 112
103 115
103 116
103 118
103 120
103 121
103 122
103 123
103 124
103 125
103 127
103 129
103 130
103 131
103 133
103 135
103 136
103 142
103 144
103 146
103 149
104 105
104 108
104 109
104 110
104 112
104 113
104 114
104 115
104 116
104 118
104 119
104 122
104 123
104 128
104 130
104 131
104 132
104 133
104 134
104 135
104 136
104 137
104 138
104 140
104 141
104 142
104 143
104 146
104 148
104 149
104 150
105 106
105 107
105 110
105 116
105 117
105 118
105 119
105 121
105 122
105 126
105 128
105 129
105 135
105 139
105 140
105 141
105 142
105 147
105 149
105 150
106 107
106 110
106 114
106 115
106 119
106 120
106 121
106 124
106 127
106 129
106 132
106 137
106 138
106 141
106 142
106 143
106 144
106 147
106 148
107 108
107 109
107 111
107 112
107 116
107 117
107 118
107 127
107 128
107 131
107 138
107 139
107 140
107 141
107 142
107 144
107 145
107 147
107 150
108 109
108 110
108 112
108 113
108 114
108 116
108 119
108 126
108 127
108 128
108 129
108 130
108 131
108 133
108 136
108 137
108 138
108 140
108 142
108 143
108 146
108 147
108 149
108 150
109 110
109 112
109 114
109 117
109 123
109 125
109 128
109 131
109 133
109 135
109 138
109 139
109 145
109 146
109 147
109 148
110 111
110 115
110 118
110 120
110 122
110 123
110 124
110 125
110 128
110 131
110 133
110 134
110 136
110 137
110 138
110 140
110 145
110 146
110 150
111 112
111 113
111 114
111 115
111 118
111 119
111 120
111 121
111 122
111 123
111 128
111 131
111 135
111 137
111 138
111 141
111 142
111 143
111 145
111 146
111 147
111 149
111 150
112 113
112 114
112 115
112 117
112 122
112 123
112 124
112 125
112 126
112 128
112 135
112 137
112 139
112 140
112 141
112 143
112 144
112 145
112 146
112 149
112 150
113 114
113 115
113 116
113 119
113 121
113 122
113 127
113 129
113 130
113 131
113 135
113 136
113 137
113 139
113 141
113 142
113 144
113 146
114 115
114 122
114 123
114 124
114 125
114 128
114 133
114 136
114 138
114 142
114 144
114 146
114 148
115 116
115 117
115 118
115 119
115 120
115 124
115 125
115 130
115 131
115 133
115 135
115 137
115 143
115 144
115 146
115 149
115 150
116 117
116 118
116 120
116 121
116 122
116 125
116 128
116 129
116 130
116 131
116 132
116 133
116 135
116 136
116 137
116 139
116 142
116 144
116 145
116 148
117 118
117 119
117 120
117 121
117 124
117 125
117 126
117 127
117 128
117 129
117 130
117 131
117 134
117 139
117 140
117 142
117 144
117 146
118 119
118 122
118 123
118 124
118 126
118 127
118 130
118 132
118 135
118 137
118 139
118 141
118 142
118 143
118 148
118 149
118 150
119 120
119 123
119 124
119 125
119 127
119 129
119 135
119 139
119 140
119 142
119 144
119 149
120 121
120 124
120 125
120 129
120 130
120 132
120 139
120 140
120 142
120 143
120 144
120 147
120 148
120 149
121 122
121 124
121 129
121 138
121 141
121 142
121 143
121 145
121 150
122 123
122 125
122 126
122 128
122 129
122 130
122 131
122 135
122 138
122 140
122 141
122 146
122 148
122 149
123 124
123 127
123 131
123 137
123 140
123 143
123 145
123 146
123 148
123 149
124 125
124 132
124 134
124 135
124 137
124 140
124 143
124 144
124 147
124 149
125 126
125 128
125 129
125 130
125 131
125 134
125 135
125 137
125 140
125 143
125 145
125 146
125 149
125 150
126 127
126 131
126 132
126 133
126 136
126 137
126 139
126 142
126 147
126 148
126 150
127 128
127 129
127 131
127 132
127 134
127 136
127 137
127 139
127 141
127 142
127 144
127 146
127 147
127 148
128 129
128 130
128 133
128 136
128 141
128 143
128 144
128 145
128 146
128 147
129 130
129 132
129 133
129 134
129 136
129 137
129 139
129 142
129 143
129 144
129 146
129 148
130 131
130 133
130 134
130 135
130 136
130 138
130 140
130 141
130 142
130 144
130 145
130 146
130 147
130 148
130 149
131 132
131 133
131 134
131 135
131 140
131 141
131 142
131 144
131 145
131 147
131 148
131 150
132 133
132 134
132 135
132 137
132 138
132 139
132 140
132 141
132 142
132 143
132 145
132 148
132 150
133 134
133 136
133 138
133 142
133 144
133 145
133 147
134 135
134 136
134 137
134 140
134 142
134 144
134 146
134 147
134 148
135 136
135 138
135 139
135 141
135 142
135 145
135 148
135 150
136 137
136 138
136 139
136 140
136 142
136 143
136 146
136 148
136 149
137 138
137 140
137 144
137 146
137 148
137 150
138 139
138 143
138 145
138 146
138 147
138 148
138 150
139 140
139 141
139 142
139 144
139 147
139 148
139 149
140 141
140 142
140 146
140 147
141 142
141 143
141 144
141 148
141 149
141 150
142 143
142 146
143 144
143 145
143 146
143 147
143 148
144 145
144 147
144 148
144 149
145 146
145 148
145 149
146 147
146 148
147 148
148 149
148 150
149 150
