150 7823
1 2
1 6
1 7
1 8
1 11
1 12
1 13
1 15
1 16
1 21
1 24
1 26
1 28
1 30
1 31
1 32
1 33
1 34
1 35
1 39
1 40
1 41
1 42
1 46
1 48
1 49
1 52
1 54
1 55
1 56
1 58
1 60
1 63
1 64
1 68
1 71
1 75
1 79
1 80
1 81
1 82
1 86
1 87
1 89
1 90
1 92
1 93
1 96
1 99
1 101
1 104
1 106
1 111
1 113
1 114
1 117
1 118
1 120
1 121
1 124
1 125
1 128
1 129
1 131
1 136
1 144
1 145
1 150
2 3
2 4
2 5
2 6
2 7
2 8
2 10
2 11
2 12
2 17
2 19
2 20
2 21
2 22
2 23
2 24
2 25
2 26
2 27
2 28
2 29
2 30
2 32
2 34
2 39
2 40
2 41
2 42
2 44
2 45
2 47
2 48
2 49
2 50
2 52
2 54
2 55
2 56
2 58
2 60
2 61
2 63
2 64
2 67
2 68
2 69
2 71
2 72
2 75
2 76
2 78
2 79
2 81
2 82
2 83
2 84
2 87
2 88
2 89
2 90
2 91
2 92
2 96
2 97
2 98
2 100
2 101
2 102
2 106
2 107
2 108
2 109
2 110
2 111
2 112
2 113
2 115
2 116
2 117
2 118
2 119
2 120
2 121
2 123
2 125
2 127
2 128
2 129
2 131
2 133
2 134
2 136
2 137
2 138
2 139
2 141
2 142
2 143
2 145
2 146
2 147
2 149
2 150
3 4
3 5
3 6
3 7
3 8
3 9
3 10
3 11
3 12
3 18
3 19
3 22
3 24
3 25
3 26
3 27
3 28
3 29
3 30
3 33
3 36
3 38
3 39
3 40
3 41
3 42
3 43
3 45
3 46
3 47
3 48
3 51
3 52
3 54
3 55
3 56
3 57
3 58
3 59
3 61
3 62
3 64
3 65
3 67
3 69
3 70
3 71
3 74
3 76
3 77
3 80
3 81
3 84
3 85
3 87
3 88
3 89
3 91
3 94
3 95
3 96
3 97
3 98
3 100
3 101
3 102
3 103
3 104
3 105
3 106
3 107
3 109
3 110
3 111
3 112
3 113
3 114
3 115
3 116
3 117
3 120
3 121
3 122
3 124
3 125
3 126
3 128
3 131
3 133
3 134
3 136
3 137
3 138
3 139
3 140
3 141
3 142
3 143
3 144
3 145
3 146
3 147
3 150
4 5
4 6
4 7
4 8
4 11
4 12
4 13
4 14
4 15
4 16
4 17
4 18
4 19
4 20
4 21
4 22
4 23
4 24
4 25
4 26
4 27
4 29
4 30
4 31
4 32
4 37
4 38
4 39
4 40
4 42
4 43
4 46
4 48
4 49
4 50
4 51
4 52
4 53
4 54
4 55
4 56
4 57
4 58
4 59
4 60
4 62
4 63
4 64
4 65
4 67
4 68
4 69
4 70
4 71
4 72
4 73
4 74
4 75
4 76
4 78
4 79
4 80
4 81
4 85
4 87
4 89
4 90
4 91
4 92
4 93
4 96
4 98
4 99
4 100
4 101
4 102
4 103
4 104
4 105
4 107
4 109
4 110
4 111
4 113
4 115
4 116
4 117
4 118
4 119
4 121
4 122
4 123
4 124
4 125
4 126
4 127
4 129
4 131
4 132
4 134
4 136
4 137
4 138
4 139
4 140
4 141
4 142
4 144
4 147
4 149
5 6
5 7
5 8
5 9
5 11
5 12
5 13
5 16
5 18
5 19
5 21
5 23
5 24
5 25
5 26
5 27
5 28
5 30
5 31
5 33
5 34
5 35
5 36
5 38
5 39
5 40
5 41
5 42
5 44
5 45
5 46
5 47
5 48
5 49
5 50
5 51
5 52
5 53
5 55
5 56
5 61
5 63
5 64
5 65
5 67
5 68
5 69
5 70
5 71
5 72
5 73
5 74
5 76
5 77
5 79
5 81
5 82
5 83
5 84
5 85
5 87
5 88
5 89
5 91
5 92
5 97
5 100
5 101
5 103
5 104
5 105
5 106
5 107
5 109
5 111
5 115
5 116
5 117
5 118
5 119
5 121
5 122
5 123
5 124
5 125
5 126
5 127
5 128
5 129
5 130
5 131
5 132
5 134
5 136
5 137
5 138
5 139
5 142
5 143
5 144
5 145
5 146
5 147
5 149
5 150
6 7
6 11
6 12
6 13
6 14
6 15
6 17
6 18
6 21
6 22
6 23
6 25
6 26
6 27
6 30
6 31
6 33
6 34
6 35
6 36
6 39
6 43
6 44
6 45
6 48
6 49
6 51
6 52
6 54
6 55
6 56
6 57
6 59
6 60
6 61
6 62
6 64
6 65
6 66
6 68
6 69
6 70
6 72
6 74
6 75
6 78
6 79
6 80
6 84
6 85
6 87
6 89
6 90
6 91
6 92
6 93
6 94
6 95
6 96
6 97
6 99
6 100
6 101
6 105
6 107
6 109
6 111
6 112
6 113
6 114
6 115
6 116
6 117
6 118
6 119
6 120
6 122
6 124
6 125
6 126
6 127
6 129
6 130
6 131
6 132
6 133
6 135
6 136
6 138
6 139
6 140
6 141
6 142
6 143
6 145
6 146
6 148
6 149
6 150
7 8
7 11
7 12
7 13
7 15
7 16
7 17
7 18
7 19
7 20
7 21
7 22
7 23
7 24
7 25
7 26
7 29
7 30
7 31
7 32
7 33
7 34
7 35
7 36
7 37
7 38
7 39
7 40
7 41
7 42
7 43
7 44
7 46
7 47
7 48
7 49
7 50
7 51
7 52
7 53
7 54
7 55
7 57
7 58
7 60
7 62
7 63
7 64
7 66
7 69
7 70
7 71
7 74
7 75
7 76
7 77
7 78
7 79
7 80
7 82
7 83
7 84
7 86
7 87
7 88
7 89
7 91
7 92
7 95
7 96
7 98
7 99
7 100
7 101
7 102
7 103
7 104
7 105
7 106
7 107
7 110
7 111
7 112
7 114
7 117
7 118
7 119
7 120
7 121
7 122
7 124
7 125
7 127
7 128
7 129
7 130
7 131
7 133
7 134
7 135
7 136
7 137
7 139
7 140
7 143
7 144
7 145
7 146
7 147
7 148
7 149
8 9
8 10
8 11
8 15
8 16
8 17
8 18
8 19
8 20
8 21
8 22
8 24
8 26
8 27
8 28
8 29
8 30
8 31
8 33
8 35
8 36
8 37
8 39
8 40
8 41
8 42
8 44
8 46
8 48
8 49
8 50
8 51
8 52
8 53
8 54
8 55
8 56
8 57
8 58
8 60
8 61
8 62
8 63
8 64
8 65
8 70
8 71
8 72
8 73
8 75
8 76
8 77
8 78
8 80
8 81
8 82
8 84
8 85
8 86
8 87
8 88
8 89
8 90
8 91
8 92
8 95
8 98
8 99
8 100
8 102
8 103
8 104
8 105
8 106
8 107
8 109
8 111
8 112
8 113
8 115
8 117
8 118
8 119
8 121
8 122
8 123
8 125
8 126
8 127
8 129
8 130
8 131
8 132
8 134
8 135
8 137
8 138
8 140
8 141
8 143
8 144
8 145
8 146
8 147
8 148
9 10
9 14
9 15
9 18
9 19
9 20
9 21
9 22
9 23
9 24
9 25
9 26
9 27
9 29
9 30
9 31
9 33
9 34
9 35
9 37
9 39
9 40
9 42
9 43
9 45
9 47
9 50
9 51
9 52
9 53
9 54
9 55
9 56
9 58
9 59
9 60
9 61
9 62
9 65
9 66
9 67
9 69
9 70
9 71
9 76
9 77
9 79
9 81
9 82
9 84
9 85
9 86
9 87
9 88
9 89
9 90
9 91
9 92
9 93
9 94
9 95
9 96
9 97
9 98
9 99
9 101
9 102
9 105
9 107
9 108
9 110
9 111
9 112
9 113
9 114
9 115
9 116
9 118
9 120
9 124
9 126
9 127
9 128
9 131
9 132
9 133
9 134
9 135
9 136
9 138
9 140
9 141
9 142
9 143
9 144
9 145
9 146
9 147
9 149
9 150
10 11
10 12
10 13
10 15
10 16
10 18
10 19
10 20
10 21
10 23
10 24
10 25
10 27
10 28
10 29
10 32
10 34
10 35
10 36
10 37
10 39
10 40
10 41
10 42
10 44
10 45
10 46
10 48
10 49
10 50
10 51
10 56
10 57
10 58
10 59
10 60
10 62
10 63
10 64
10 65
10 66
10 67
10 68
10 70
10 71
10 72
10 73
10 75
10 78
10 79
10 82
10 83
10 84
10 86
10 87
10 88
10 89
10 90
10 92
10 94
10 95
10 96
10 97
10 98
10 99
10 100
10 101
10 102
10 103
10 104
10 105
10 106
10 107
10 109
10 110
10 112
10 113
10 114
10 115
10 116
10 118
10 119
10 120
10 121
10 122
10 123
10 124
10 125
10 127
10 128
10 129
10 130
10 131
10 132
10 134
10 136
10 137
10 140
10 141
10 142
10 145
10 146
10 147
10 148
10 149
11 12
11 13
11 15
11 17
11 18
11 19
11 20
11 21
11 24
11 25
11 29
11 30
11 33
11 34
11 35
11 37
11 39
11 41
11 42
11 43
11 44
11 45
11 48
11 50
11 52
11 53
11 55
11 56
11 58
11 59
11 60
11 61
11 62
11 63
11 64
11 65
11 66
11 67
11 70
11 71
11 72
11 73
11 74
11 75
11 76
11 77
11 82
11 83
11 84
11 85
11 87
11 88
11 89
11 90
11 91
11 92
11 93
11 94
11 95
11 96
11 97
11 98
11 99
11 101
11 102
11 103
11 104
11 105
11 107
11 109
11 110
11 112
11 113
11 114
11 116
11 118
11 119
11 120
11 121
11 122
11 123
11 125
11 126
11 128
11 130
11 131
11 132
11 133
11 136
11 137
11 138
11 139
11 140
11 144
11 148
11 149
11 150
12 13
12 15
12 16
12 17
12 18
12 19
12 20
12 21
12 22
12 23
12 24
12 25
12 27
12 28
12 29
12 32
12 34
12 36
12 37
12 38
12 39
12 41
12 42
12 43
12 44
12 46
12 51
12 53
12 54
12 56
12 57
12 58
12 59
12 60
12 61
12 64
12 66
12 68
12 70
12 73
12 76
12 77
12 78
12 79
12 80
12 83
12 84
12 85
12 86
12 88
12 89
12 90
12 91
12 92
12 94
12 95
12 97
12 98
12 101
12 104
12 105
12 107
12 110
12 111
12 112
12 113
12 114
12 115
12 117
12 118
12 119
12 120
12 122
12 123
12 124
12 125
12 126
12 127
12 128
12 130
12 133
12 135
12 136
12 137
12 139
12 142
12 143
12 144
12 146
12 147
12 148
13 14
13 16
13 18
13 20
13 23
13 24
13 25
13 26
13 27
13 28
13 29
13 30
13 34
13 35
13 37
13 38
13 39
13 40
13 41
13 42
13 43
13 44
13 45
13 48
13 49
13 50
13 51
13 54
13 55
13 56
13 57
13 58
13 60
13 62
13 63
13 65
13 66
13 68
13 69
13 71
13 73
13 74
13 75
13 76
13 77
13 78
13 79
13 80
13 81
13 82
13 83
13 85
13 86
13 87
13 88
13 89
13 91
13 92
13 93
13 94
13 96
13 97
13 100
13 102
13 103
13 104
13 107
13 108
13 109
13 111
13 114
13 115
13 116
13 118
13 119
13 122
13 123
13 124
13 125
13 127
13 129
13 130
13 131
13 132
13 133
13 134
13 135
13 136
13 137
13 139
13 140
13 141
13 142
13 144
13 146
13 147
13 148
13 149
13 150
14 15
14 17
14 20
14 24
14 25
14 26
14 27
14 29
14 30
14 31
14 33
14 34
14 35
14 36
14 37
14 39
14 40
14 41
14 42
14 43
14 46
14 49
14 50
14 52
14 54
14 56
14 57
14 58
14 60
14 61
14 62
14 66
14 68
14 70
14 72
14 73
14 74
14 75
14 76
14 77
14 81
14 83
14 85
14 86
14 87
14 89
14 91
14 92
14 94
14 96
14 97
14 100
14 102
14 104
14 105
14 106
14 107
14 108
14 110
14 114
14 116
14 117
14 118
14 120
14 121
14 122
14 123
14 124
14 125
14 126
14 128
14 130
14 131
14 132
14 134
14 137
14 138
14 140
14 142
14 144
14 147
14 148
14 149
15 16
15 17
15 18
15 19
15 20
15 21
15 22
15 23
15 24
15 25
15 27
15 28
15 29
15 30
15 31
15 32
15 35
15 36
15 37
15 38
15 39
15 42
15 43
15 46
15 47
15 48
15 52
15 53
15 54
15 55
15 57
15 59
15 60
15 63
15 66
15 67
15 69
15 70
15 71
15 72
15 73
15 74
15 75
15 77
15 79
15 80
15 81
15 82
15 85
15 86
15 87
15 88
15 89
15 90
15 91
15 93
15 94
15 95
15 96
15 100
15 101
15 103
15 104
15 105
15 106
15 109
15 111
15 112
15 116
15 118
15 119
15 120
15 121
15 122
15 124
15 125
15 126
15 127
15 128
15 129
15 130
15 131
15 133
15 135
15 137
15 138
15 139
15 144
15 145
15 146
15 147
15 148
15 149
15 150
16 17
16 18
16 19
16 20
16 21
16 23
16 24
16 25
16 27
16 28
16 29
16 31
16 33
16 35
16 38
16 39
16 40
16 41
16 44
16 45
16 46
16 47
16 48
16 49
16 50
16 52
16 53
16 54
16 55
16 56
16 59
16 61
16 62
16 63
16 64
16 65
16 66
16 67
16 69
16 71
16 73
16 75
16 76
16 78
16 79
16 80
16 81
16 82
16 83
16 84
16 85
16 86
16 87
16 89
16 91
16 93
16 94
16 95
16 96
16 97
16 98
16 99
16 100
16 101
16 102
16 103
16 104
16 105
16 106
16 107
16 108
16 109
16 110
16 111
16 112
16 113
16 114
16 115
16 117
16 118
16 119
16 120
16 121
16 123
16 125
16 126
16 129
16 130
16 134
16 135
16 137
16 139
16 142
16 143
16 144
16 145
16 146
16 149
17 18
17 19
17 20
17 21
17 22
17 23
17 24
17 26
17 27
17 28
17 30
17 31
17 32
17 33
17 34
17 35
17 37
17 38
17 39
17 40
17 41
17 42
17 43
17 44
17 46
17 47
17 51
17 55
17 57
17 58
17 59
17 61
17 62
17 63
17 64
17 65
17 66
17 67
17 68
17 70
17 74
17 75
17 77
17 78
17 79
17 80
17 81
17 84
17 85
17 86
17 88
17 89
17 90
17 91
17 92
17 93
17 95
17 96
17 97
17 98
17 99
17 100
17 102
17 103
17 104
17 105
17 106
17 107
17 108
17 109
17 110
17 111
17 113
17 115
17 117
17 118
17 119
17 122
17 124
17 125
17 126
17 128
17 129
17 131
17 132
17 133
17 134
17 135
17 136
17 137
17 138
17 139
17 141
17 142
17 143
17 144
17 145
17 146
17 147
17 148
17 149
17 150
18 19
18 23
18 24
18 25
18 26
18 27
18 28
18 29
18 33
18 34
18 35
18 36
18 37
18 38
18 39
18 40
18 41
18 45
18 50
18 52
18 55
18 56
18 57
18 58
18 59
18 60
18 61
18 62
18 63
18 64
18 65
18 67
18 68
18 69
18 70
18 72
18 73
18 74
18 78
18 79
18 83
18 84
18 85
18 88
18 90
18 91
18 93
18 94
18 95
18 96
18 97
18 98
18 99
18 100
18 101
18 102
18 105
18 106
18 107
18 108
18 109
18 111
18 112
18 114
18 116
18 117
18 118
18 121
18 123
18 124
18 125
18 126
18 127
18 128
18 129
18 130
18 131
18 132
18 133
18 134
18 136
18 137
18 138
18 139
18 140
18 142
18 143
18 144
18 145
18 146
18 147
18 148
18 149
18 150
19 20
19 21
19 24
19 25
19 27
19 28
19 29
19 30
19 31
19 32
19 34
19 35
19 39
19 41
19 43
19 44
19 45
19 46
19 47
19 49
19 51
19 54
19 56
19 57
19 59
19 62
19 63
19 66
19 69
19 70
19 73
19 76
19 78
19 80
19 81
19 82
19 83
19 85
19 86
19 87
19 88
19 89
19 90
19 91
19 92
19 93
19 94
19 95
19 96
19 99
19 100
19 101
19 102
19 105
19 107
19 109
19 110
19 111
19 112
19 113
19 115
19 117
19 118
19 119
19 120
19 121
19 123
19 126
19 128
19 129
19 131
19 132
19 133
19 134
19 135
19 136
19 137
19 138
19 139
19 140
19 141
19 143
19 145
19 146
19 147
19 149
19 150
20 21
20 23
20 24
20 25
20 26
20 28
20 30
20 32
20 33
20 34
20 35
20 36
20 37
20 39
20 40
20 41
20 42
20 43
20 44
20 45
20 46
20 47
20 49
20 50
20 52
20 54
20 57
20 58
20 59
20 61
20 62
20 63
20 64
20 66
20 67
20 68
20 69
20 71
20 72
20 73
20 74
20 75
20 76
20 77
20 78
20 80
20 83
20 84
20 87
20 88
20 89
20 90
20 92
20 93
20 94
20 95
20 96
20 97
20 98
20 99
20 101
20 103
20 107
20 108
20 110
20 112
20 114
20 115
20 118
20 119
20 120
20 121
20 123
20 126
20 128
20 129
20 130
20 131
20 132
20 133
20 134
20 136
20 137
20 138
20 140
20 141
20 142
20 143
20 145
20 146
20 147
20 148
20 149
20 150
21 22
21 23
21 24
21 25
21 26
21 27
21 28
21 29
21 30
21 31
21 32
21 33
21 34
21 35
21 36
21 37
21 38
21 39
21 40
21 42
21 45
21 46
21 48
21 49
21 50
21 51
21 53
21 54
21 55
21 57
21 58
21 59
21 60
21 61
21 63
21 65
21 67
21 68
21 69
21 70
21 71
21 73
21 75
21 76
21 77
21 78
21 79
21 80
21 81
21 82
21 85
21 86
21 88
21 90
21 91
21 92
21 93
21 94
21 96
21 97
21 98
21 99
21 100
21 101
21 102
21 103
21 104
21 105
21 106
21 107
21 109
21 111
21 112
21 113
21 115
21 116
21 118
21 122
21 124
21 125
21 126
21 127
21 129
21 130
21 131
21 134
21 135
21 136
21 137
21 138
21 140
21 141
21 145
21 146
21 147
21 148
21 150
22 23
22 24
22 26
22 27
22 28
22 29
22 30
22 33
22 34
22 36
22 39
22 40
22 41
22 42
22 45
22 46
22 47
22 48
22 50
22 51
22 52
22 55
22 57
22 58
22 59
22 61
22 63
22 64
22 67
22 68
22 69
22 73
22 76
22 77
22 78
22 79
22 80
22 81
22 82
22 83
22 84
22 86
22 89
22 90
22 91
22 98
22 100
22 101
22 102
22 104
22 105
22 106
22 107
22 108
22 109
22 112
22 115
22 116
22 117
22 118
22 120
22 121
22 122
22 125
22 126
22 129
22 130
22 131
22 132
22 133
22 136
22 137
22 138
22 139
22 140
22 141
22 142
22 144
22 145
22 146
22 148
22 150
23 24
23 26
23 27
23 28
23 29
23 30
23 31
23 32
23 34
23 35
23 37
23 38
23 39
23 40
23 41
23 42
23 43
23 44
23 45
23 47
23 48
23 49
23 50
23 51
23 52
23 53
23 54
23 57
23 58
23 59
23 60
23 64
23 65
23 66
23 67
23 69
23 73
23 75
23 76
23 77
23 80
23 82
23 83
23 86
23 87
23 88
23 89
23 91
23 93
23 94
23 95
23 99
23 100
23 101
23 103
23 104
23 106
23 107
23 108
23 109
23 114
23 115
23 116
23 117
23 118
23 119
23 120
23 121
23 122
23 123
23 124
23 125
23 127
23 128
23 130
23 132
23 133
23 134
23 135
23 136
23 137
23 138
23 139
23 140
23 141
23 142
23 143
23 145
23 146
23 147
23 148
24 25
24 27
24 28
24 30
24 31
24 32
24 33
24 34
24 36
24 40
24 42
24 44
24 45
24 46
24 47
24 48
24 50
24 51
24 52
24 53
24 56
24 57
24 58
24 59
24 60
24 61
24 63
24 64
24 65
24 68
24 69
24 70
24 71
24 72
24 73
24 74
24 76
24 77
24 78
24 79
24 80
24 81
24 82
24 85
24 87
24 88
24 89
24 90
24 91
24 92
24 93
24 95
24 96
24 97
24 98
24 102
24 106
24 107
24 108
24 109
24 111
24 112
24 114
24 115
24 116
24 118
24 119
24 120
24 121
24 122
24 124
24 125
24 126
24 127
24 128
24 130
24 132
24 133
24 135
24 137
24 139
24 142
24 143
24 144
24 145
24 146
24 147
24 150
25 26
25 28
25 29
25 30
25 31
25 33
25 34
25 35
25 36
25 38
25 39
25 40
25 41
25 43
25 44
25 47
25 49
25 53
25 55
25 57
25 58
25 60
25 61
25 63
25 64
25 67
25 68
25 69
25 70
25 71
25 72
25 75
25 77
25 78
25 79
25 81
25 83
25 84
25 85
25 86
25 89
25 90
25 93
25 94
25 95
25 96
25 97
25 99
25 100
25 101
25 102
25 103
25 105
25 106
25 107
25 108
25 109
25 110
25 111
25 113
25 114
25 116
25 117
25 118
25 120
25 122
25 124
25 125
25 127
25 128
25 129
25 130
25 131
25 132
25 133
25 134
25 136
25 137
25 139
25 141
25 142
25 143
25 144
25 145
25 146
25 147
25 148
26 27
26 32
26 33
26 34
26 35
26 36
26 37
26 39
26 40
26 41
26 42
26 43
26 46
26 47
26 50
26 51
26 52
26 53
26 54
26 55
26 58
26 60
26 61
26 62
26 65
26 66
26 68
26 70
26 72
26 74
26 76
26 78
26 79
26 80
26 81
26 82
26 83
26 84
26 87
26 88
26 89
26 90
26 91
26 93
26 94
26 96
26 99
26 100
26 101
26 102
26 103
26 104
26 105
26 106
26 108
26 109
26 110
26 111
26 113
26 114
26 115
26 117
26 119
26 120
26 121
26 123
26 124
26 125
26 126
26 127
26 128
26 129
26 130
26 131
26 132
26 133
26 134
26 135
26 137
26 138
26 139
26 141
26 142
26 144
26 145
26 146
27 28
27 29
27 32
27 35
27 36
27 38
27 39
27 40
27 43
27 44
27 45
27 46
27 47
27 48
27 49
27 50
27 51
27 52
27 53
27 55
27 57
27 59
27 60
27 61
27 63
27 64
27 66
27 67
27 68
27 69
27 70
27 73
27 75
27 76
27 77
27 78
27 81
27 82
27 85
27 86
27 88
27 91
27 92
27 93
27 94
27 95
27 96
27 97
27 98
27 99
27 100
27 101
27 102
27 103
27 104
27 105
27 106
27 108
27 109
27 110
27 111
27 112
27 113
27 114
27 115
27 117
27 118
27 119
27 120
27 122
27 123
27 124
27 125
27 126
27 127
27 129
27 130
27 131
27 133
27 134
27 137
27 138
27 139
27 142
27 143
27 144
27 145
27 147
27 148
28 29
28 30
28 31
28 33
28 34
28 35
28 36
28 38
28 40
28 42
28 43
28 45
28 46
28 47
28 48
28 49
28 53
28 54
28 55
28 56
28 58
28 64
28 66
28 67
28 68
28 69
28 70
28 72
28 74
28 75
28 76
28 77
28 78
28 79
28 81
28 83
28 84
28 85
28 87
28 88
28 89
28 90
28 91
28 92
28 95
28 96
28 97
28 99
28 101
28 102
28 103
28 104
28 105
28 107
28 108
28 109
28 111
28 112
28 113
28 115
28 116
28 118
28 119
28 121
28 122
28 123
28 124
28 126
28 128
28 129
28 131
28 132
28 135
28 136
28 139
28 140
28 141
28 142
28 144
28 145
28 149
29 30
29 31
29 32
29 34
29 35
29 36
29 40
29 41
29 42
29 43
29 45
29 48
29 50
29 51
29 52
29 56
29 57
29 59
29 60
29 62
29 64
29 65
29 66
29 68
29 69
29 70
29 71
29 72
29 73
29 75
29 76
29 77
29 83
29 84
29 85
29 86
29 87
29 88
29 89
29 90
29 91
29 92
29 93
29 94
29 95
29 96
29 99
29 100
29 101
29 102
29 103
29 104
29 105
29 107
29 108
29 109
29 111
29 112
29 113
29 114
29 116
29 118
29 119
29 120
29 121
29 123
29 125
29 126
29 127
29 128
29 132
29 133
29 134
29 135
29 136
29 137
29 138
29 139
29 140
29 141
29 142
29 143
29 144
29 145
29 147
29 148
29 149
29 150
30 31
30 33
30 34
30 35
30 36
30 37
30 38
30 39
30 40
30 41
30 42
30 43
30 45
30 47
30 48
30 49
30 50
30 51
30 52
30 54
30 55
30 56
30 57
30 59
30 61
30 62
30 63
30 65
30 66
30 67
30 68
30 70
30 71
30 73
30 74
30 77
30 78
30 80
30 81
30 82
30 83
30 85
30 86
30 87
30 88
30 89
30 90
30 91
30 93
30 94
30 95
30 98
30 100
30 101
30 102
30 103
30 104
30 107
30 108
30 110
30 111
30 112
30 113
30 115
30 117
30 119
30 120
30 122
30 124
30 125
30 126
30 128
30 129
30 130
30 132
30 133
30 134
30 135
30 136
30 137
30 138
30 139
30 140
30 141
30 142
30 144
30 146
30 148
30 149
31 32
31 33
31 34
31 35
31 37
31 38
31 43
31 44
31 45
31 46
31 47
31 48
31 49
31 50
31 51
31 52
31 53
31 54
31 58
31 59
31 62
31 64
31 66
31 67
31 69
31 71
31 73
31 74
31 75
31 78
31 79
31 80
31 82
31 83
31 85
31 86
31 88
31 90
31 92
31 93
31 94
31 95
31 96
31 97
31 98
31 99
31 100
31 102
31 103
31 104
31 106
31 107
31 108
31 109
31 112
31 113
31 114
31 115
31 117
31 119
31 120
31 121
31 122
31 123
31 124
31 125
31 126
31 128
31 129
31 130
31 131
31 133
31 135
31 136
31 137
31 138
31 139
31 140
31 141
31 143
31 145
31 146
31 148
31 149
31 150
32 33
32 37
32 38
32 39
32 40
32 41
32 42
32 43
32 45
32 47
32 48
32 49
32 50
32 51
32 52
32 54
32 55
32 56
32 57
32 59
32 60
32 61
32 62
32 64
32 65
32 66
32 67
32 69
32 70
32 71
32 72
32 76
32 77
32 78
32 79
32 80
32 81
32 82
32 83
32 86
32 87
32 88
32 89
32 90
32 91
32 92
32 93
32 94
32 97
32 99
32 101
32 102
32 103
32 105
32 106
32 107
32 109
32 110
32 112
32 113
32 114
32 115
32 116
32 117
32 118
32 119
32 120
32 121
32 122
32 123
32 124
32 125
32 126
32 129
32 130
32 133
32 134
32 135
32 140
32 141
32 142
32 143
32 144
32 145
32 146
32 147
33 34
33 35
33 36
33 37
33 38
33 39
33 41
33 43
33 44
33 46
33 53
33 54
33 55
33 56
33 57
33 59
33 60
33 61
33 62
33 63
33 64
33 66
33 67
33 70
33 71
33 75
33 76
33 78
33 79
33 80
33 81
33 83
33 84
33 85
33 87
33 89
33 90
33 91
33 92
33 93
33 95
33 97
33 98
33 99
33 100
33 101
33 102
33 103
33 104
33 105
33 106
33 107
33 108
33 109
33 110
33 113
33 117
33 118
33 119
33 120
33 122
33 123
33 125
33 126
33 128
33 129
33 130
33 132
33 134
33 136
33 137
33 140
33 141
33 142
33 143
33 144
33 146
33 147
33 148
33 149
34 35
34 36
34 37
34 38
34 39
34 40
34 41
34 43
34 44
34 45
34 46
34 47
34 48
34 52
34 54
34 55
34 57
34 58
34 60
34 61
34 62
34 63
34 66
34 67
34 69
34 71
34 73
34 74
34 75
34 76
34 77
34 78
34 83
34 84
34 88
34 89
34 90
34 91
34 92
34 93
34 94
34 95
34 96
34 97
34 99
34 100
34 102
34 104
34 105
34 106
34 107
34 109
34 111
34 112
34 114
34 115
34 117
34 118
34 119
34 121
34 123
34 124
34 125
34 126
34 127
34 128
34 129
34 131
34 132
34 135
34 136
34 137
34 139
34 140
34 142
34 144
34 146
34 149
35 36
35 37
35 38
35 41
35 42
35 43
35 44
35 46
35 47
35 48
35 49
35 50
35 51
35 52
35 53
35 55
35 56
35 57
35 58
35 59
35 60
35 62
35 63
35 65
35 66
35 67
35 68
35 69
35 70
35 72
35 74
35 76
35 77
35 78
35 79
35 81
35 82
35 84
35 86
35 87
35 88
35 89
35 91
35 93
35 94
35 95
35 96
35 98
35 99
35 100
35 101
35 102
35 103
35 108
35 111
35 112
35 114
35 116
35 117
35 119
35 120
35 121
35 122
35 123
35 124
35 125
35 126
35 127
35 128
35 132
35 133
35 134
35 135
35 136
35 137
35 138
35 141
35 143
35 144
35 145
35 150
36 37
36 38
36 39
36 40
36 41
36 42
36 44
36 46
36 49
36 50
36 51
36 53
36 54
36 55
36 56
36 57
36 59
36 61
36 62
36 63
36 64
36 65
36 66
36 67
36 68
36 69
36 70
36 71
36 72
36 73
36 74
36 75
36 76
36 77
36 79
36 82
36 83
36 84
36 85
36 86
36 88
36 90
36 91
36 92
36 93
36 94
36 95
36 96
36 98
36 99
36 100
36 102
36 105
36 106
36 107
36 108
36 110
36 111
36 112
36 113
36 114
36 116
36 117
36 120
36 121
36 123
36 124
36 126
36 127
36 128
36 129
36 131
36 132
36 133
36 134
36 135
36 136
36 137
36 138
36 139
36 140
36 141
36 143
36 144
36 145
36 146
36 147
36 148
36 149
37 38
37 39
37 41
37 43
37 46
37 47
37 49
37 51
37 52
37 53
37 54
37 57
37 58
37 59
37 60
37 61
37 62
37 63
37 64
37 65
37 67
37 68
37 70
37 71
37 72
37 73
37 74
37 75
37 76
37 77
37 84
37 86
37 88
37 89
37 90
37 91
37 93
37 95
37 97
37 98
37 99
37 100
37 101
37 103
37 104
37 105
37 107
37 110
37 111
37 112
37 113
37 115
37 116
37 117
37 118
37 120
37 121
37 122
37 126
37 127
37 128
37 129
37 130
37 131
37 132
37 133
37 134
37 136
37 137
37 138
37 142
37 143
37 144
37 145
37 146
37 147
37 149
37 150
38 39
38 41
38 42
38 44
38 46
38 47
38 48
38 49
38 51
38 53
38 54
38 55
38 56
38 57
38 58
38 59
38 61
38 62
38 64
38 65
38 69
38 70
38 71
38 72
38 73
38 74
38 75
38 76
38 77
38 80
38 83
38 84
38 85
38 86
38 87
38 88
38 90
38 92
38 93
38 95
38 96
38 97
38 98
38 99
38 101
38 102
38 103
38 104
38 105
38 106
38 109
38 110
38 111
38 112
38 114
38 115
38 118
38 119
38 120
38 121
38 122
38 124
38 126
38 129
38 130
38 131
38 132
38 133
38 134
38 136
38 137
38 138
38 139
38 140
38 141
38 142
38 143
38 144
38 145
38 148
38 149
38 150
39 40
39 42
39 45
39 46
39 51
39 52
39 53
39 54
39 55
39 56
39 58
39 60
39 63
39 64
39 66
39 67
39 69
39 70
39 71
39 74
39 76
39 77
39 78
39 79
39 81
39 82
39 83
39 84
39 85
39 87
39 88
39 89
39 90
39 91
39 94
39 95
39 97
39 98
39 101
39 103
39 104
39 105
39 106
39 107
39 108
39 111
39 112
39 114
39 115
39 117
39 118
39 119
39 120
39 122
39 123
39 124
39 125
39 126
39 127
39 128
39 129
39 130
39 131
39 132
39 134
39 135
39 136
39 137
39 138
39 139
39 140
39 141
39 143
39 145
39 146
39 147
39 148
39 149
40 41
40 42
40 43
40 44
40 45
40 47
40 48
40 49
40 50
40 51
40 52
40 56
40 57
40 58
40 60
40 61
40 63
40 66
40 67
40 69
40 71
40 72
40 75
40 76
40 78
40 79
40 80
40 81
40 82
40 83
40 84
40 85
40 86
40 87
40 88
40 90
40 92
40 93
40 94
40 97
40 99
40 102
40 103
40 105
40 106
40 109
40 110
40 111
40 112
40 115
40 116
40 117
40 118
40 120
40 121
40 122
40 124
40 125
40 126
40 127
40 128
40 129
40 130
40 131
40 134
40 136
40 137
40 138
40 139
40 140
40 141
40 142
40 143
40 145
40 146
40 148
40 149
41 42
41 43
41 44
41 45
41 46
41 48
41 50
41 51
41 53
41 54
41 56
41 64
41 66
41 67
41 68
41 69
41 70
41 71
41 72
41 76
41 77
41 78
41 79
41 80
41 81
41 82
41 83
41 85
41 87
41 89
41 90
41 92
41 93
41 94
41 95
41 97
41 98
41 99
41 100
41 101
41 102
41 103
41 104
41 105
41 106
41 107
41 109
41 110
41 111
41 112
41 115
41 116
41 121
41 122
41 123
41 124
41 126
41 127
41 128
41 129
41 130
41 131
41 133
41 135
41 136
41 137
41 138
41 139
41 140
41 142
41 143
41 144
41 147
41 149
42 43
42 44
42 45
42 46
42 47
42 48
42 49
42 50
42 52
42 53
42 54
42 55
42 59
42 61
42 62
42 63
42 64
42 65
42 66
42 67
42 69
42 70
42 71
42 72
42 73
42 74
42 76
42 77
42 78
42 80
42 81
42 82
42 84
42 85
42 86
42 87
42 88
42 89
42 91
42 93
42 95
42 96
42 98
42 99
42 101
42 102
42 103
42 104
42 105
42 106
42 107
42 108
42 109
42 110
42 111
42 112
42 113
42 114
42 116
42 118
42 121
42 122
42 123
42 125
42 126
42 127
42 129
42 130
42 132
42 133
42 134
42 135
42 136
42 137
42 138
42 139
42 141
42 142
42 144
42 147
42 148
42 149
42 150
43 44
43 46
43 47
43 50
43 51
43 52
43 54
43 56
43 57
43 58
43 60
43 61
43 62
43 63
43 65
43 66
43 68
43 69
43 70
43 71
43 72
43 73
43 74
43 75
43 76
43 77
43 78
43 79
43 80
43 81
43 82
43 83
43 85
43 88
43 89
43 91
43 92
43 94
43 98
43 99
43 101
43 103
43 104
43 105
43 107
43 108
43 109
43 110
43 112
43 113
43 114
43 115
43 116
43 118
43 119
43 120
43 121
43 122
43 126
43 130
43 131
43 134
43 135
43 137
43 138
43 139
43 140
43 143
43 144
43 145
43 146
43 149
43 150
44 45
44 46
44 47
44 48
44 49
44 51
44 57
44 59
44 60
44 61
44 63
44 64
44 65
44 66
44 67
44 68
44 69
44 72
44 76
44 77
44 79
44 80
44 81
44 82
44 83
44 84
44 85
44 86
44 87
44 88
44 89
44 90
44 92
44 93
44 94
44 97
44 99
44 100
44 101
44 104
44 105
44 106
44 108
44 109
44 110
44 112
44 113
44 114
44 115
44 116
44 117
44 118
44 119
44 120
44 122
44 123
44 124
44 126
44 128
44 129
44 131
44 132
44 133
44 135
44 138
44 140
44 141
44 143
44 144
44 149
45 46
45 47
45 49
45 50
45 51
45 52
45 53
45 55
45 57
45 58
45 59
45 60
45 61
45 62
45 63
45 64
45 65
45 67
45 68
45 69
45 71
45 72
45 74
45 75
45 76
45 77
45 78
45 80
45 82
45 83
45 84
45 85
45 87
45 88
45 90
45 91
45 92
45 93
45 94
45 95
45 98
45 99
45 100
45 101
45 102
45 103
45 104
45 108
45 111
45 112
45 113
45 114
45 115
45 116
45 118
45 119
45 120
45 122
45 123
45 125
45 126
45 127
45 128
45 130
45 132
45 133
45 139
45 140
45 141
45 143
45 144
45 145
45 148
45 149
45 150
46 47
46 49
46 50
46 51
46 52
46 53
46 55
46 57
46 58
46 59
46 60
46 61
46 62
46 63
46 65
46 66
46 68
46 70
46 71
46 73
46 74
46 75
46 76
46 78
46 79
46 82
46 84
46 85
46 86
46 87
46 88
46 91
46 92
46 93
46 95
46 96
46 97
46 99
46 100
46 101
46 104
46 105
46 107
46 108
46 109
46 110
46 112
46 113
46 114
46 115
46 116
46 117
46 118
46 121
46 122
46 123
46 124
46 126
46 128
46 129
46 130
46 132
46 134
46 136
46 137
46 138
46 139
46 140
46 142
46 143
46 144
46 145
46 146
46 147
46 148
46 149
47 48
47 50
47 52
47 53
47 54
47 55
47 56
47 57
47 59
47 60
47 61
47 62
47 64
47 65
47 66
47 67
47 68
47 69
47 70
47 71
47 72
47 73
47 74
47 75
47 76
47 79
47 80
47 81
47 82
47 83
47 84
47 85
47 86
47 87
47 88
47 89
47 90
47 91
47 93
47 94
47 95
47 96
47 98
47 99
47 100
47 102
47 104
47 105
47 106
47 107
47 109
47 110
47 111
47 112
47 113
47 114
47 116
47 117
47 118
47 119
47 121
47 122
47 125
47 126
47 127
47 128
47 129
47 130
47 131
47 133
47 135
47 136
47 137
47 138
47 140
47 141
47 142
47 143
47 144
47 145
47 147
47 148
47 149
48 49
48 50
48 51
48 53
48 56
48 57
48 58
48 59
48 60
48 61
48 63
48 66
48 67
48 69
48 70
48 71
48 72
48 73
48 76
48 78
48 79
48 83
48 84
48 85
48 86
48 87
48 88
48 89
48 90
48 91
48 93
48 94
48 97
48 98
48 99
48 101
48 103
48 105
48 106
48 107
48 108
48 111
48 112
48 114
48 116
48 117
48 118
48 119
48 122
48 123
48 124
48 125
48 126
48 127
48 130
48 131
48 133
48 134
48 135
48 137
48 139
48 140
48 141
48 142
48 143
48 144
48 146
48 147
48 149
49 50
49 51
49 54
49 56
49 57
49 58
49 59
49 61
49 62
49 63
49 64
49 66
49 69
49 70
49 71
49 72
49 75
49 76
49 77
49 78
49 79
49 80
49 81
49 82
49 85
49 86
49 88
49 89
49 90
49 91
49 92
49 93
49 94
49 96
49 97
49 98
49 99
49 100
49 103
49 104
49 105
49 107
49 108
49 109
49 110
49 111
49 115
49 117
49 118
49 119
49 120
49 122
49 124
49 125
49 127
49 130
49 131
49 132
49 133
49 134
49 135
49 136
49 139
49 141
49 142
49 143
49 145
49 146
49 147
49 148
49 149
49 150
50 51
50 52
50 53
50 54
50 55
50 56
50 58
50 60
50 61
50 63
50 64
50 67
50 68
50 70
50 71
50 73
50 74
50 75
50 76
50 78
50 79
50 80
50 81
50 83
50 84
50 85
50 87
50 88
50 90
50 91
50 92
50 93
50 94
50 95
50 97
50 98
50 100
50 101
50 103
50 104
50 105
50 106
50 109
50 110
50 112
50 113
50 114
50 115
50 116
50 117
50 118
50 119
50 120
50 121
50 122
50 123
50 124
50 127
50 128
50 129
50 130
50 132
50 133
50 134
50 136
50 137
50 138
50 139
50 141
50 142
50 144
50 146
50 148
50 149
50 150
51 52
51 53
51 54
51 56
51 58
51 59
51 60
51 61
51 62
51 63
51 65
51 70
51 71
51 73
51 75
51 76
51 77
51 79
51 83
51 84
51 85
51 87
51 88
51 89
51 90
51 92
51 93
51 94
51 95
51 96
51 97
51 100
51 101
51 102
51 104
51 105
51 106
51 107
51 108
51 109
51 110
51 111
51 113
51 114
51 115
51 118
51 120
51 121
51 125
51 126
51 127
51 128
51 129
51 130
51 133
51 134
51 135
51 136
51 137
51 138
51 139
51 141
51 142
51 144
51 145
51 146
51 147
51 148
52 53
52 54
52 56
52 57
52 58
52 59
52 63
52 65
52 67
52 68
52 69
52 70
52 71
52 73
52 74
52 76
52 77
52 79
52 80
52 81
52 82
52 83
52 84
52 86
52 87
52 89
52 91
52 96
52 97
52 98
52 99
52 100
52 101
52 102
52 103
52 104
52 106
52 108
52 109
52 111
52 112
52 113
52 114
52 115
52 116
52 117
52 119
52 120
52 122
52 123
52 124
52 127
52 128
52 129
52 130
52 132
52 133
52 134
52 136
52 137
52 138
52 139
52 140
52 141
52 142
52 144
52 145
52 146
52 148
52 149
53 54
53 55
53 56
53 57
53 58
53 59
53 60
53 61
53 62
53 63
53 64
53 66
53 67
53 68
53 69
53 70
53 72
53 74
53 76
53 78
53 79
53 80
53 81
53 82
53 84
53 87
53 88
53 89
53 90
53 91
53 92
53 93
53 94
53 95
53 96
53 97
53 101
53 102
53 103
53 104
53 105
53 108
53 109
53 112
53 115
53 116
53 118
53 119
53 120
53 122
53 123
53 124
53 125
53 127
53 128
53 129
53 130
53 136
53 137
53 138
53 139
53 141
53 142
53 145
53 146
53 148
54 55
54 56
54 57
54 60
54 61
54 63
54 65
54 69
54 70
54 71
54 72
54 73
54 74
54 75
54 76
54 77
54 78
54 79
54 81
54 82
54 84
54 85
54 86
54 87
54 89
54 90
54 91
54 92
54 93
54 94
54 95
54 96
54 97
54 100
54 101
54 102
54 103
54 104
54 105
54 108
54 110
54 114
54 115
54 116
54 119
54 120
54 121
54 123
54 128
54 129
54 130
54 131
54 132
54 133
54 135
54 137
54 139
54 142
54 144
54 146
54 147
54 148
55 56
55 58
55 59
55 61
55 62
55 63
55 64
55 65
55 66
55 67
55 69
55 70
55 71
55 72
55 73
55 74
55 75
55 76
55 78
55 79
55 80
55 81
55 82
55 84
55 88
55 89
55 90
55 92
55 93
55 94
55 95
55 96
55 97
55 99
55 100
55 101
55 103
55 104
55 107
55 108
55 109
55 110
55 115
55 118
55 119
55 120
55 121
55 122
55 123
55 125
55 126
55 127
55 130
55 131
55 132
55 134
55 136
55 138
55 139
55 142
55 143
55 144
55 145
55 146
55 147
55 148
55 150
56 57
56 58
56 61
56 62
56 63
56 64
56 65
56 67
56 70
56 71
56 72
56 74
56 75
56 77
56 79
56 80
56 81
56 84
56 85
56 86
56 88
56 89
56 90
56 91
56 92
56 93
56 94
56 96
56 98
56 99
56 100
56 101
56 102
56 104
56 106
56 107
56 109
56 111
56 113
56 114
56 115
56 116
56 117
56 119
56 120
56 121
56 124
56 126
56 127
56 129
56 130
56 131
56 132
56 133
56 134
56 135
56 136
56 137
56 138
56 139
56 140
56 142
56 144
56 147
56 148
57 58
57 59
57 60
57 61
57 62
57 63
57 64
57 65
57 68
57 69
57 71
57 73
57 74
57 77
57 78
57 79
57 82
57 83
57 84
57 86
57 88
57 90
57 91
57 92
57 93
57 94
57 95
57 96
57 97
57 98
57 99
57 102
57 104
57 105
57 107
57 108
57 109
57 111
57 113
57 115
57 117
57 118
57 120
57 121
57 122
57 123
57 127
57 128
57 129
57 130
57 132
57 133
57 134
57 135
57 140
57 141
57 143
57 144
57 145
57 146
57 147
57 148
57 149
57 150
58 59
58 60
58 61
58 62
58 63
58 64
58 65
58 66
58 68
58 71
58 72
58 73
58 74
58 76
58 77
58 81
58 85
58 86
58 87
58 88
58 91
58 92
58 94
58 95
58 98
58 99
58 100
58 101
58 103
58 105
58 106
58 107
58 108
58 109
58 110
58 112
58 113
58 115
58 117
58 118
58 119
58 120
58 123
58 124
58 125
58 128
58 129
58 130
58 131
58 132
58 133
58 136
58 139
58 141
58 143
58 144
58 145
58 146
58 149
59 60
59 61
59 63
59 65
59 66
59 69
59 70
59 71
59 72
59 73
59 74
59 76
59 77
59 78
59 79
59 80
59 81
59 82
59 84
59 85
59 86
59 88
59 89
59 90
59 91
59 92
59 93
59 94
59 95
59 97
59 99
59 100
59 101
59 103
59 104
59 105
59 106
59 108
59 110
59 112
59 113
59 115
59 116
59 121
59 122
59 123
59 124
59 125
59 126
59 127
59 129
59 132
59 134
59 135
59 136
59 137
59 138
59 139
59 140
59 141
59 143
59 145
59 146
59 147
59 148
60 61
60 62
60 63
60 64
60 67
60 68
60 69
60 70
60 71
60 72
60 74
60 76
60 77
60 78
60 79
60 81
60 82
60 83
60 84
60 87
60 90
60 91
60 92
60 93
60 95
60 97
60 100
60 101
60 102
60 103
60 104
60 105
60 106
60 107
60 108
60 111
60 113
60 115
60 116
60 117
60 118
60 119
60 121
60 125
60 126
60 127
60 128
60 129
60 131
60 132
60 133
60 134
60 135
60 137
60 138
60 139
60 140
60 141
60 142
60 145
60 146
60 147
60 149
61 62
61 63
61 65
61 66
61 67
61 68
61 70
61 71
61 72
61 73
61 74
61 76
61 78
61 79
61 80
61 82
61 83
61 85
61 86
61 89
61 90
61 91
61 94
61 95
61 97
61 98
61 99
61 100
61 101
61 102
61 103
61 106
61 107
61 108
61 109
61 111
61 112
61 114
61 116
61 119
61 120
61 121
61 122
61 123
61 124
61 126
61 127
61 128
61 129
61 130
61 132
61 134
61 135
61 136
61 137
61 139
61 140
61 142
61 143
61 144
61 145
61 147
61 148
61 149
61 150
62 63
62 64
62 65
62 67
62 69
62 70
62 71
62 72
62 73
62 74
62 75
62 76
62 77
62 78
62 79
62 80
62 81
62 82
62 84
62 85
62 86
62 87
62 88
62 90
62 91
62 92
62 94
62 95
62 96
62 97
62 98
62 100
62 101
62 104
62 106
62 107
62 108
62 109
62 110
62 111
62 112
62 113
62 114
62 115
62 117
62 118
62 119
62 120
62 122
62 123
62 125
62 127
62 128
62 130
62 132
62 134
62 135
62 136
62 137
62 138
62 139
62 140
62 141
62 142
62 143
62 144
62 149
63 64
63 65
63 66
63 67
63 68
63 70
63 72
63 73
63 75
63 78
63 79
63 80
63 81
63 82
63 85
63 86
63 87
63 88
63 89
63 91
63 92
63 94
63 97
63 98
63 99
63 100
63 101
63 102
63 103
63 105
63 108
63 109
63 111
63 112
63 115
63 116
63 117
63 118
63 120
63 123
63 124
63 126
63 127
63 128
63 129
63 133
63 134
63 136
63 137
63 138
63 139
63 143
63 144
63 145
63 147
63 149
63 150
64 65
64 66
64 67
64 68
64 69
64 70
64 71
64 73
64 76
64 79
64 80
64 82
64 85
64 86
64 87
64 89
64 90
64 91
64 92
64 93
64 96
64 99
64 100
64 102
64 103
64 105
64 106
64 107
64 108
64 111
64 112
64 113
64 114
64 116
64 117
64 118
64 120
64 121
64 122
64 123
64 125
64 128
64 130
64 131
64 132
64 134
64 135
64 136
64 138
64 139
64 140
64 143
64 144
64 146
64 147
64 148
64 149
64 150
65 66
65 68
65 69
65 71
65 73
65 74
65 75
65 76
65 77
65 78
65 79
65 80
65 81
65 82
65 83
65 84
65 85
65 86
65 87
65 88
65 89
65 90
65 91
65 92
65 93
65 94
65 95
65 96
65 97
65 100
65 101
65 103
65 104
65 105
65 108
65 109
65 110
65 111
65 112
65 114
65 115
65 118
65 119
65 120
65 122
65 124
65 125
65 128
65 130
65 131
65 133
65 134
65 135
65 136
65 138
65 139
65 140
65 143
65 144
65 145
65 146
65 148
65 150
66 67
66 69
66 71
66 72
66 73
66 74
66 75
66 77
66 78
66 79
66 80
66 81
66 82
66 84
66 86
66 89
66 90
66 92
66 93
66 94
66 95
66 96
66 97
66 98
66 99
66 102
66 104
66 105
66 106
66 108
66 109
66 110
66 111
66 112
66 113
66 114
66 116
66 117
66 118
66 119
66 120
66 121
66 123
66 124
66 125
66 126
66 127
66 128
66 129
66 130
66 131
66 132
66 133
66 134
66 135
66 136
66 137
66 139
66 140
66 142
66 143
66 144
66 146
66 147
66 148
66 149
66 150
67 68
67 69
67 70
67 71
67 75
67 76
67 77
67 78
67 80
67 83
67 84
67 86
67 88
67 89
67 90
67 91
67 93
67 94
67 95
67 96
67 98
67 99
67 100
67 101
67 105
67 106
67 107
67 109
67 110
67 111
67 112
67 113
67 115
67 116
67 117
67 118
67 120
67 121
67 122
67 123
67 126
67 127
67 129
67 130
67 131
67 132
67 133
67 134
67 135
67 137
67 139
67 140
67 142
67 143
67 145
67 146
67 148
68 69
68 70
68 72
68 76
68 78
68 79
68 80
68 85
68 87
68 90
68 93
68 94
68 97
68 98
68 99
68 100
68 101
68 103
68 104
68 105
68 106
68 109
68 110
68 111
68 112
68 113
68 115
68 116
68 117
68 118
68 119
68 120
68 121
68 122
68 123
68 124
68 125
68 128
68 130
68 131
68 132
68 134
68 135
68 136
68 137
68 139
68 140
68 141
68 142
68 144
68 145
68 146
68 147
68 148
68 149
69 70
69 72
69 74
69 77
69 78
69 80
69 81
69 83
69 84
69 85
69 86
69 87
69 88
69 91
69 94
69 95
69 96
69 97
69 98
69 100
69 101
69 103
69 104
69 105
69 106
69 107
69 109
69 110
69 111
69 112
69 113
69 114
69 118
69 119
69 120
69 121
69 122
69 123
69 125
69 126
69 127
69 128
69 130
69 131
69 132
69 133
69 134
69 135
69 136
69 137
69 140
69 142
69 143
69 145
69 146
69 147
69 148
69 149
69 150
70 71
70 72
70 73
70 75
70 76
70 77
70 79
70 80
70 82
70 83
70 85
70 87
70 88
70 89
70 91
70 92
70 94
70 95
70 96
70 100
70 101
70 102
70 106
70 107
70 108
70 111
70 112
70 113
70 114
70 117
70 118
70 120
70 121
70 122
70 123
70 124
70 125
70 126
70 128
70 137
70 140
70 141
70 143
70 144
70 146
70 147
70 148
70 149
71 72
71 73
71 75
71 77
71 78
71 80
71 81
71 83
71 85
71 88
71 89
71 92
71 96
71 98
71 100
71 102
71 105
71 106
71 107
71 109
71 110
71 112
71 113
71 114
71 115
71 118
71 119
71 120
71 124
71 125
71 126
71 127
71 128
71 129
71 130
71 132
71 133
71 137
71 138
71 139
71 140
71 142
71 143
71 144
71 145
71 146
71 147
71 148
71 149
71 150
72 73
72 75
72 76
72 77
72 78
72 79
72 80
72 81
72 82
72 83
72 85
72 87
72 88
72 89
72 91
72 92
72 94
72 95
72 96
72 97
72 98
72 99
72 100
72 101
72 102
72 103
72 106
72 107
72 108
72 110
72 111
72 112
72 114
72 117
72 119
72 120
72 121
72 123
72 124
72 125
72 126
72 127
72 128
72 130
72 132
72 133
72 135
72 136
72 137
72 139
72 140
72 142
72 143
72 144
72 145
72 146
72 147
72 148
73 74
73 75
73 76
73 77
73 78
73 79
73 80
73 81
73 82
73 83
73 84
73 85
73 86
73 87
73 88
73 92
73 93
73 95
73 97
73 99
73 100
73 101
73 102
73 103
73 104
73 105
73 106
73 109
73 110
73 111
73 112
73 115
73 116
73 118
73 119
73 121
73 123
73 125
73 128
73 134
73 135
73 137
73 138
73 139
73 140
73 141
73 142
73 145
73 146
73 147
73 148
73 149
74 75
74 76
74 77
74 78
74 80
74 81
74 85
74 89
74 91
74 93
74 94
74 95
74 97
74 98
74 99
74 100
74 102
74 103
74 104
74 105
74 106
74 107
74 109
74 110
74 111
74 112
74 113
74 114
74 115
74 116
74 117
74 118
74 121
74 122
74 123
74 124
74 125
74 127
74 130
74 131
74 133
74 135
74 139
74 140
74 141
74 144
74 145
74 146
74 147
74 148
74 149
75 76
75 77
75 78
75 79
75 81
75 84
75 87
75 88
75 89
75 90
75 91
75 92
75 93
75 95
75 96
75 97
75 98
75 99
75 100
75 102
75 104
75 105
75 106
75 107
75 108
75 109
75 110
75 111
75 113
75 114
75 117
75 118
75 119
75 121
75 122
75 124
75 125
75 126
75 128
75 129
75 130
75 131
75 132
75 133
75 137
75 139
75 140
75 142
75 143
75 144
75 145
75 146
75 147
75 149
75 150
76 77
76 78
76 79
76 81
76 82
76 83
76 85
76 87
76 88
76 89
76 94
76 96
76 97
76 99
76 100
76 101
76 102
76 103
76 105
76 106
76 107
76 108
76 109
76 111
76 112
76 113
76 114
76 115
76 116
76 117
76 118
76 119
76 120
76 122
76 123
76 124
76 126
76 128
76 129
76 131
76 132
76 135
76 137
76 139
76 140
76 141
76 142
76 143
76 144
76 145
76 146
76 148
76 150
77 78
77 79
77 80
77 82
77 84
77 85
77 86
77 87
77 89
77 94
77 95
77 96
77 97
77 99
77 100
77 101
77 103
77 105
77 106
77 107
77 108
77 111
77 112
77 114
77 115
77 118
77 119
77 121
77 122
77 123
77 124
77 125
77 126
77 128
77 129
77 133
77 135
77 136
77 137
77 138
77 139
77 140
77 142
77 143
77 144
77 145
77 146
77 148
77 149
78 79
78 80
78 81
78 82
78 83
78 84
78 85
78 86
78 87
78 88
78 89
78 90
78 91
78 94
78 95
78 96
78 98
78 99
78 100
78 103
78 104
78 107
78 108
78 112
78 113
78 116
78 117
78 118
78 120
78 121
78 122
78 123
78 125
78 127
78 128
78 130
78 131
78 132
78 134
78 136
78 139
78 140
78 141
78 142
78 144
78 145
78 146
78 147
78 148
78 149
78 150
79 80
79 83
79 84
79 85
79 86
79 88
79 89
79 90
79 92
79 93
79 94
79 96
79 100
79 101
79 105
79 107
79 108
79 110
79 112
79 113
79 114
79 118
79 119
79 121
79 124
79 125
79 126
79 128
79 129
79 130
79 132
79 134
79 135
79 136
79 138
79 140
79 141
79 142
79 144
79 147
79 148
79 149
79 150
80 81
80 82
80 83
80 84
80 85
80 86
80 87
80 89
80 90
80 92
80 93
80 94
80 95
80 96
80 98
80 99
80 100
80 101
80 103
80 104
80 105
80 106
80 107
80 108
80 109
80 110
80 111
80 113
80 115
80 117
80 118
80 121
80 122
80 123
80 125
80 126
80 128
80 129
80 130
80 131
80 132
80 134
80 135
80 136
80 137
80 138
80 139
80 142
80 144
80 146
80 147
80 150
81 82
81 83
81 84
81 85
81 86
81 88
81 89
81 90
81 91
81 92
81 93
81 94
81 95
81 96
81 97
81 98
81 99
81 101
81 102
81 103
81 104
81 105
81 106
81 108
81 110
81 112
81 113
81 116
81 117
81 120
81 121
81 124
81 127
81 128
81 130
81 131
81 132
81 133
81 134
81 135
81 136
81 137
81 138
81 140
81 141
81 142
81 143
81 144
81 146
81 148
81 149
82 83
82 84
82 85
82 86
82 87
82 88
82 90
82 91
82 92
82 95
82 96
82 97
82 98
82 99
82 100
82 101
82 103
82 104
82 105
82 106
82 108
82 109
82 110
82 112
82 113
82 114
82 116
82 117
82 119
82 120
82 121
82 123
82 126
82 127
82 128
82 129
82 130
82 131
82 132
82 133
82 134
82 135
82 136
82 137
82 138
82 139
82 140
82 142
82 143
82 144
82 145
82 146
82 147
82 148
82 150
83 84
83 85
83 87
83 88
83 89
83 90
83 91
83 93
83 95
83 97
83 98
83 99
83 100
83 101
83 102
83 103
83 111
83 113
83 115
83 116
83 117
83 119
83 120
83 122
83 123
83 125
83 126
83 127
83 129
83 130
83 132
83 134
83 136
83 137
83 138
83 139
83 140
83 141
83 145
83 148
83 150
84 85
84 86
84 88
84 89
84 90
84 91
84 92
84 93
84 94
84 95
84 96
84 97
84 98
84 100
84 102
84 103
84 106
84 107
84 108
84 109
84 111
84 112
84 113
84 115
84 116
84 117
84 118
84 119
84 122
84 127
84 128
84 131
84 133
84 134
84 136
84 137
84 140
84 142
84 143
84 145
84 146
84 148
84 149
84 150
85 86
85 87
85 89
85 90
85 91
85 92
85 94
85 95
85 96
85 97
85 98
85 99
85 100
85 102
85 103
85 105
85 106
85 109
85 110
85 111
85 112
85 113
85 114
85 115
85 117
85 119
85 120
85 121
85 122
85 123
85 124
85 125
85 127
85 131
85 132
85 133
85 134
85 135
85 136
85 137
85 138
85 141
85 142
85 143
85 144
85 145
85 147
86 87
86 90
86 92
86 94
86 95
86 96
86 98
86 99
86 100
86 101
86 103
86 104
86 105
86 107
86 109
86 111
86 112
86 114
86 116
86 117
86 119
86 122
86 123
86 124
86 125
86 126
86 127
86 128
86 129
86 130
86 133
86 134
86 135
86 136
86 137
86 138
86 140
86 141
86 143
86 144
86 145
86 146
86 147
86 148
87 88
87 89
87 90
87 91
87 92
87 93
87 95
87 96
87 98
87 100
87 101
87 102
87 104
87 105
87 107
87 108
87 109
87 111
87 112
87 114
87 117
87 118
87 121
87 122
87 124
87 127
87 128
87 129
87 130
87 132
87 137
87 139
87 140
87 141
87 143
87 144
87 145
87 146
87 149
87 150
88 89
88 90
88 91
88 92
88 93
88 94
88 95
88 97
88 98
88 99
88 101
88 102
88 103
88 105
88 106
88 107
88 110
88 111
88 112
88 113
88 114
88 115
88 117
88 118
88 119
88 121
88 122
88 125
88 126
88 128
88 130
88 131
88 133
88 135
88 137
88 138
88 139
88 140
88 141
88 142
88 143
88 144
88 146
88 147
88 149
89 90
89 91
89 92
89 95
89 96
89 97
89 100
89 101
89 104
89 107
89 109
89 112
89 113
89 114
89 118
89 119
89 120
89 121
89 122
89 123
89 124
89 128
89 129
89 131
89 132
89 133
89 134
89 137
89 139
89 140
89 141
89 143
89 145
89 148
89 149
90 91
90 92
90 93
90 94
90 95
90 96
90 97
90 98
90 101
90 103
90 104
90 105
90 106
90 107
90 108
90 109
90 110
90 113
90 114
90 115
90 116
90 117
90 118
90 119
90 120
90 121
90 125
90 126
90 128
90 129
90 130
90 131
90 132
90 133
90 134
90 135
90 137
90 138
90 139
90 141
90 143
90 144
90 145
90 146
90 147
90 148
90 149
91 92
91 93
91 94
91 98
91 100
91 102
91 104
91 105
91 107
91 109
91 110
91 111
91 112
91 113
91 115
91 117
91 118
91 119
91 120
91 121
91 124
91 125
91 126
91 127
91 128
91 129
91 130
91 131
91 136
91 137
91 138
91 140
91 141
91 143
91 144
91 145
91 146
91 147
91 148
91 149
92 93
92 94
92 95
92 97
92 99
92 103
92 105
92 106
92 107
92 108
92 112
92 113
92 114
92 115
92 117
92 119
92 120
92 121
92 124
92 126
92 127
92 128
92 130
92 134
92 135
92 136
92 137
92 138
92 140
92 141
92 142
92 144
92 147
92 150
93 94
93 95
93 98
93 99
93 100
93 101
93 103
93 104
93 105
93 107
93 108
93 110
93 111
93 112
93 113
93 114
93 115
93 117
93 119
93 120
93 121
93 124
93 125
93 126
93 128
93 129
93 130
93 131
93 132
93 134
93 136
93 138
93 139
93 140
93 141
93 142
93 143
93 144
93 145
93 146
93 147
93 148
93 150
94 95
94 96
94 97
94 98
94 100
94 102
94 103
94 104
94 105
94 106
94 107
94 109
94 112
94 113
94 114
94 118
94 119
94 120
94 123
94 124
94 125
94 126
94 127
94 128
94 130
94 131
94 132
94 135
94 136
94 137
94 139
94 141
94 142
94 143
94 144
94 145
94 146
94 148
94 149
95 96
95 97
95 98
95 99
95 100
95 102
95 103
95 104
95 107
95 108
95 109
95 110
95 111
95 112
95 115
95 117
95 118
95 119
95 120
95 122
95 123
95 124
95 127
95 131
95 132
95 137
95 138
95 139
95 140
95 141
95 142
95 143
95 144
95 146
95 147
95 148
95 149
95 150
96 97
96 99
96 100
96 102
96 105
96 106
96 108
96 109
96 110
96 111
96 113
96 114
96 115
96 118
96 120
96 121
96 122
96 124
96 126
96 127
96 128
96 129
96 132
96 133
96 134
96 139
96 140
96 141
96 143
96 145
96 146
96 148
97 98
97 99
97 101
97 103
97 105
97 106
97 107
97 108
97 109
97 110
97 112
97 113
97 114
97 115
97 117
97 119
97 120
97 122
97 123
97 125
97 126
97 127
97 128
97 129
97 130
97 131
97 132
97 133
97 134
97 136
97 137
97 140
97 141
97 142
97 143
97 144
97 146
97 147
97 149
97 150
98 99
98 100
98 103
98 104
98 106
98 109
98 110
98 112
98 113
98 114
98 116
98 118
98 120
98 122
98 123
98 124
98 125
98 126
98 127
98 128
98 129
98 130
98 132
98 133
98 134
98 136
98 137
98 139
98 141
98 143
98 145
98 146
98 147
98 148
98 149
99 100
99 101
99 102
99 104
99 105
99 106
99 107
99 109
99 110
99 111
99 112
99 113
99 114
99 115
99 116
99 117
99 119
99 121
99 122
99 123
99 124
99 125
99 126
99 127
99 130
99 131
99 132
99 133
99 135
99 136
99 137
99 138
99 139
99 140
99 141
99 142
99 143
99 144
99 145
99 146
99 148
99 149
100 101
100 102
100 103
100 105
100 109
100 111
100 112
100 113
100 114
100 115
100 116
100 119
100 120
100 121
100 123
100 124
100 125
100 126
100 127
100 128
100 129
100 130
100 132
100 133
100 134
100 135
100 136
100 137
100 139
100 140
100 141
100 142
100 143
100 144
100 145
100 146
100 147
100 149
100 150
101 102
101 104
101 105
101 106
101 107
101 108
101 111
101 114
101 115
101 116
101 117
101 118
101 120
101 121
101 122
101 123
101 124
101 125
101 126
101 128
101 130
101 131
101 134
101 135
101 136
101 137
101 138
101 139
101 140
101 141
101 142
101 144
101 145
101 146
101 147
101 148
101 149
101 150
102 103
102 104
102 105
102 106
102 107
102 108
102 109
102 110
102 111
102 112
102 113
102 114
102 116
102 117
102 118
102 120
102 121
102 122
102 125
102 127
102 129
102 131
102 133
102 134
102 135
102 137
102 139
102 140
102 142
102 143
102 145
102 147
102 149
102 150
103 104
103 105
103 106
103 108
103 110
103 111
103 112
103 113
103 116
103 117
103 118
103 119
103 120
103 121
103 122
103 123
103 124
103 127
103 128
103 129
103 131
103 132
103 133
103 135
103 137
103 138
103 139
103 140
103 141
103 142
103 143
103 144
103 145
103 149
103 150
104 105
104 106
104 108
104 110
104 112
104 113
104 114
104 115
104 117
104 118
104 120
104 121
104 122
104 123
104 125
104 126
104 127
104 128
104 131
104 133
104 134
104 135
104 137
104 140
104 141
104 142
104 143
104 144
104 145
104 148
104 149
105 106
105 107
105 109
105 110
105 111
105 114
105 115
105 117
105 118
105 119
105 121
105 122
105 125
105 127
105 128
105 129
105 131
105 132
105 133
105 134
105 135
105 136
105 138
105 139
105 141
105 142
105 143
105 144
105 145
105 146
105 147
105 150
106 107
106 109
106 111
106 112
106 113
106 114
106 119
106 121
106 122
106 123
106 124
106 128
106 129
106 131
106 133
106 134
106 136
106 137
106 139
106 144
106 146
106 147
106 148
106 149
106 150
107 108
107 109
107 110
107 111
107 113
107 114
107 115
107 117
107 119
107 120
107 121
107 122
107 123
107 124
107 125
107 127
107 128
107 130
107 132
107 134
107 137
107 138
107 141
107 142
107 143
107 146
107 147
107 148
107 150
108 109
108 110
108 111
108 112
108 115
108 116
108 117
108 119
108 120
108 124
108 125
108 126
108 127
108 129
108 130
108 131
108 133
108 134
108 135
108 138
108 139
108 140
108 141
108 142
108 143
108 144
108 146
108 147
108 148
108 149
108 150
109 110
109 113
109 114
109 115
109 117
109 118
109 120
109 121
109 122
109 124
109 126
109 127
109 128
109 130
109 131
109 133
109 135
109 136
109 137
109 140
109 141
109 142
109 143
109 145
109 148
109 150
110 111
110 113
110 114
110 115
110 117
110 118
110 120
110 121
110 122
110 123
110 125
110 126
110 127
110 130
110 131
110 132
110 133
110 134
110 135
110 136
110 138
110 139
110 141
110 142
110 143
110 144
110 148
110 149
110 150
111 112
111 115
111 116
111 119
111 120
111 124
111 125
111 127
111 128
111 129
111 131
111 132
111 133
111 134
111 135
111 137
111 138
111 142
111 143
111 144
111 146
111 147
111 148
111 149
111 150
112 113
112 114
112 115
112 116
112 117
112 118
112 119
112 120
112 122
112 124
112 125
112 126
112 127
112 128
112 129
112 130
112 131
112 132
112 134
112 135
112 136
112 137
112 138
112 139
112 140
112 141
112 142
112 143
112 145
112 147
112 148
112 149
113 114
113 116
113 117
113 120
113 121
113 122
113 123
113 125
113 127
113 129
113 130
113 132
113 133
113 134
113 135
113 136
113 137
113 138
113 139
113 140
113 144
113 145
113 146
113 148
113 149
114 115
114 117
114 118
114 120
114 121
114 122
114 123
114 124
114 126
114 127
114 128
114 129
114 130
114 134
114 137
114 139
114 140
114 141
114 143
114 144
114 146
114 148
114 149
115 116
115 117
115 118
115 119
115 120
115 121
115 122
115 123
115 124
115 125
115 126
115 128
115 129
115 130
115 131
115 134
115 135
115 136
115 139
115 140
115 141
115 144
115 147
115 149
116 117
116 118
116 119
116 120
116 122
116 123
116 125
116 126
116 127
116 128
116 129
116 130
116 131
116 133
116 134
116 136
116 137
116 138
116 140
116 141
116 142
116 144
116 145
116 146
116 147
116 150
117 118
117 119
117 120
117 121
117 124
117 125
117 126
117 127
117 128
117 129
117 133
117 134
117 135
117 137
117 138
117 142
117 143
117 144
117 146
117 147
117 148
117 149
117 150
118 119
118 120
118 123
118 125
118 126
118 128
118 129
118 130
118 132
118 134
118 136
118 137
118 138
118 140
118 143
118 144
118 145
118 147
118 148
118 150
119 120
119 121
119 122
119 124
119 125
119 126
119 127
119 128
119 129
119 130
119 131
119 133
119 134
119 135
119 136
119 137
119 138
119 139
119 141
119 142
119 143
119 144
119 145
119 146
119 147
119 150
120 121
120 123
120 124
120 126
120 129
120 130
120 131
120 133
120 135
120 136
120 139
120 140
120 142
120 143
120 144
120 148
120 149
120 150
121 122
121 125
121 127
121 128
121 129
121 130
121 133
121 135
121 136
121 142
121 143
121 144
121 145
121 146
121 147
121 148
121 150
122 123
122 124
122 125
122 129
122 131
122 132
122 133
122 134
122 136
122 137
122 139
122 141
122 142
122 143
122 145
122 147
122 148
122 149
122 150
123 124
123 126
123 127
123 128
123 130
123 132
123 134
123 135
123 138
123 140
123 142
123 143
123 145
123 146
123 148
123 150
124 125
124 126
124 127
124 130
124 131
124 133
124 136
124 137
124 138
124 139
124 143
124 145
124 146
124 148
124 150
125 126
125 127
125 129
125 131
125 132
125 135
125 138
125 139
125 140
125 144
125 145
125 146
125 148
126 127
126 128
126 130
126 133
126 134
126 135
126 136
126 137
126 138
126 139
126 141
126 143
126 145
126 148
127 128
127 131
127 132
127 135
127 137
127 138
127 139
127 140
127 141
127 142
127 144
127 145
127 147
127 148
127 149
128 129
128 132
128 133
128 134
128 135
128 136
128 138
128 140
128 143
128 145
128 146
128 147
129 130
129 131
129 133
129 134
129 135
129 136
129 137
129 138
129 139
129 140
129 141
129 143
129 144
129 145
129 146
129 147
129 149
130 131
130 133
130 134
130 136
130 137
130 140
130 141
130 143
130 144
130 147
130 149
130 150
131 132
131 133
131 134
131 135
131 136
131 138
131 139
131 140
131 141
131 142
131 143
131 145
131 147
131 149
132 133
132 134
132 135
132 136
132 137
132 138
132 139
132 140
132 141
132 142
132 144
132 145
132 146
132 147
132 149
132 150
133 134
133 135
133 136
133 137
133 139
133 140
133 141
133 142
133 144
133 145
133 146
133 147
134 135
134 140
134 141
134 142
134 144
134 145
134 146
134 147
134 148
134 149
135 136
135 137
135 140
135 141
135 142
135 143
135 144
135 146
135 148
135 150
136 137
136 138
136 139
136 140
136 145
136 147
136 148
137 138
137 139
137 143
137 144
137 145
137 146
137 147
137 148
137 149
137 150
138 139
138 141
138 142
138 143
138 145
138 146
138 147
138 150
139 140
139 141
139 142
139 143
139 145
139 147
139 148
139 149
139 150
140 141
140 142
140 143
140 145
140 146
140 149
141 142
141 143
141 144
141 146
141 147
141 148
141 149
141 150
142 143
142 144
142 145
142 147
142 148
142 149
143 144
143 145
143 146
143 147
143 149
143 150
144 145
144 146
144 147
144 149
144 150
145 146
145 147
145 148
145 149
145 150
146 147
146 148
146 149
146 150
147 148
147 149
147 150
148 149
149 150
