150 3353
1 2
1 4
1 8
1 22
1 29
1 32
1 38
1 40
1 47
1 50
1 51
1 63
1 73
1 80
1 96
1 99
1 125
1 131
1 140
1 142
1 146
2 3
2 6
2 7
2 8
2 11
2 12
2 18
2 22
2 23
2 25
2 32
2 37
2 38
2 42
2 44
2 52
2 55
2 57
2 58
2 62
2 67
2 69
2 73
2 75
2 76
2 78
2 80
2 82
2 83
2 93
2 94
2 100
2 102
2 105
2 108
2 109
2 111
2 115
2 118
2 121
2 124
2 125
2 128
2 131
2 133
2 134
2 138
2 142
2 143
2 146
3 4
3 5
3 6
3 13
3 14
3 15
3 16
3 27
3 28
3 30
3 34
3 37
3 41
3 44
3 45
3 47
3 48
3 53
3 58
3 63
3 66
3 68
3 71
3 75
3 77
3 85
3 94
3 97
3 100
3 101
3 102
3 103
3 105
3 109
3 111
3 114
3 115
3 116
3 121
3 125
3 126
3 129
3 130
3 134
3 136
3 140
3 142
3 143
3 147
4 5
4 10
4 11
4 15
4 17
4 18
4 21
4 27
4 34
4 36
4 39
4 41
4 42
4 43
4 44
4 45
4 46
4 49
4 50
4 51
4 61
4 62
4 67
4 74
4 75
4 77
4 82
4 91
4 92
4 96
4 99
4 105
4 111
4 118
4 119
4 126
4 127
4 129
4 133
4 136
4 138
4 139
4 141
4 144
5 6
5 7
5 19
5 20
5 21
5 23
5 29
5 31
5 33
5 34
5 35
5 36
5 48
5 51
5 52
5 54
5 55
5 66
5 68
5 69
5 79
5 82
5 85
5 89
5 90
5 91
5 99
5 104
5 105
5 107
5 109
5 115
5 117
5 121
5 123
5 125
5 127
5 130
5 133
5 134
5 139
5 142
5 146
5 147
5 148
6 7
6 8
6 11
6 12
6 23
6 30
6 31
6 34
6 35
6 39
6 41
6 48
6 49
6 50
6 55
6 56
6 60
6 63
6 64
6 66
6 67
6 68
6 71
6 80
6 83
6 86
6 91
6 93
6 95
6 97
6 98
6 101
6 107
6 112
6 114
6 115
6 116
6 117
6 119
6 120
6 132
6 140
7 8
7 11
7 16
7 30
7 34
7 38
7 40
7 42
7 45
7 46
7 47
7 52
7 56
7 57
7 58
7 59
7 61
7 63
7 66
7 69
7 74
7 79
7 82
7 83
7 86
7 87
7 92
7 95
7 109
7 111
7 116
7 119
7 124
7 125
7 137
7 141
7 149
8 9
8 10
8 15
8 24
8 26
8 30
8 31
8 32
8 33
8 34
8 35
8 37
8 40
8 47
8 50
8 51
8 54
8 56
8 58
8 59
8 60
8 63
8 64
8 67
8 68
8 72
8 76
8 79
8 93
8 95
8 96
8 98
8 99
8 105
8 111
8 112
8 113
8 116
8 117
8 120
8 124
8 127
8 129
8 130
8 132
8 133
8 142
8 144
8 148
8 150
9 10
9 11
9 12
9 13
9 17
9 21
9 27
9 29
9 30
9 38
9 41
9 51
9 53
9 54
9 56
9 59
9 60
9 65
9 66
9 68
9 71
9 74
9 75
9 85
9 87
9 91
9 99
9 105
9 116
9 122
9 123
9 125
9 126
9 128
9 129
9 134
9 138
9 141
9 142
9 150
10 11
10 15
10 16
10 19
10 20
10 25
10 33
10 39
10 43
10 44
10 48
10 56
10 59
10 61
10 66
10 70
10 72
10 75
10 80
10 83
10 84
10 92
10 93
10 94
10 108
10 111
10 113
10 115
10 120
10 121
10 126
10 128
10 131
10 134
10 135
10 138
10 139
10 140
10 142
11 12
11 17
11 19
11 20
11 21
11 23
11 25
11 29
11 30
11 33
11 34
11 37
11 39
11 40
11 44
11 50
11 53
11 59
11 63
11 66
11 69
11 72
11 83
11 86
11 95
11 97
11 100
11 101
11 103
11 105
11 107
11 113
11 115
11 116
11 125
11 135
11 136
11 138
11 140
11 141
11 146
11 150
12 13
12 14
12 15
12 17
12 20
12 21
12 24
12 25
12 50
12 52
12 58
12 59
12 66
12 67
12 68
12 69
12 74
12 78
12 81
12 82
12 87
12 94
12 98
12 100
12 105
12 106
12 107
12 110
12 111
12 112
12 113
12 114
12 117
12 118
12 120
12 124
12 127
12 128
12 129
12 135
12 140
12 141
12 144
13 14
13 18
13 20
13 21
13 22
13 24
13 26
13 36
13 37
13 38
13 39
13 50
13 53
13 54
13 57
13 59
13 61
13 68
13 69
13 70
13 74
13 75
13 76
13 79
13 84
13 89
13 90
13 96
13 98
13 99
13 100
13 101
13 102
13 107
13 109
13 113
13 115
13 118
13 122
13 124
13 126
13 127
13 130
13 132
13 136
13 142
13 144
13 148
13 149
14 15
14 18
14 21
14 35
14 36
14 37
14 39
14 41
14 43
14 46
14 49
14 53
14 54
14 59
14 60
14 61
14 67
14 69
14 74
14 78
14 84
14 85
14 88
14 89
14 90
14 92
14 98
14 103
14 115
14 116
14 118
14 121
14 125
14 127
14 131
14 133
14 135
14 141
14 148
14 149
15 16
15 26
15 27
15 29
15 32
15 35
15 37
15 39
15 44
15 47
15 50
15 51
15 54
15 60
15 62
15 63
15 69
15 76
15 79
15 86
15 91
15 94
15 95
15 96
15 98
15 99
15 101
15 105
15 109
15 114
15 116
15 119
15 122
15 127
15 133
15 135
15 136
15 142
15 144
15 149
16 17
16 20
16 21
16 24
16 28
16 31
16 32
16 34
16 35
16 37
16 42
16 44
16 46
16 49
16 55
16 58
16 60
16 62
16 63
16 66
16 69
16 71
16 73
16 74
16 77
16 78
16 83
16 84
16 88
16 89
16 90
16 92
16 95
16 96
16 99
16 111
16 112
16 116
16 120
16 123
16 125
16 126
16 131
16 132
16 133
16 135
16 136
16 137
16 138
16 139
16 144
16 149
17 18
17 20
17 23
17 24
17 27
17 31
17 32
17 34
17 38
17 42
17 49
17 53
17 59
17 62
17 71
17 76
17 83
17 85
17 86
17 91
17 95
17 107
17 108
17 111
17 112
17 117
17 119
17 123
17 125
17 128
17 132
17 137
17 138
17 142
17 144
17 146
17 147
17 148
18 19
18 29
18 31
18 34
18 37
18 40
18 41
18 45
18 49
18 52
18 54
18 67
18 68
18 70
18 72
18 75
18 78
18 79
18 84
18 85
18 88
18 93
18 98
18 100
18 102
18 103
18 105
18 107
18 110
18 114
18 119
18 122
18 125
18 130
18 131
18 134
18 136
18 137
18 138
18 140
18 143
18 147
18 148
19 20
19 24
19 25
19 27
19 39
19 43
19 44
19 48
19 53
19 54
19 55
19 71
19 74
19 81
19 84
19 91
19 100
19 106
19 109
19 110
19 111
19 113
19 132
19 134
19 142
19 143
19 144
19 147
19 148
19 149
20 21
20 24
20 36
20 40
20 42
20 44
20 46
20 47
20 49
20 56
20 57
20 60
20 66
20 77
20 78
20 82
20 83
20 86
20 87
20 90
20 93
20 95
20 98
20 100
20 102
20 107
20 110
20 112
20 122
20 124
20 126
20 129
20 130
20 134
20 141
20 142
21 22
21 27
21 28
21 29
21 37
21 39
21 43
21 56
21 57
21 58
21 62
21 65
21 71
21 78
21 89
21 90
21 95
21 96
21 97
21 100
21 103
21 106
21 108
21 121
21 122
21 124
21 125
21 126
21 131
21 139
21 141
22 23
22 25
22 27
22 28
22 30
22 40
22 43
22 45
22 49
22 53
22 57
22 58
22 59
22 64
22 65
22 72
22 77
22 78
22 79
22 83
22 86
22 88
22 89
22 90
22 93
22 109
22 113
22 115
22 116
22 117
22 125
22 128
22 129
22 130
22 140
22 143
22 144
22 146
22 149
23 24
23 25
23 28
23 30
23 32
23 37
23 38
23 42
23 48
23 49
23 50
23 51
23 60
23 61
23 62
23 66
23 69
23 71
23 74
23 79
23 83
23 85
23 87
23 100
23 103
23 105
23 113
23 114
23 115
23 117
23 118
23 119
23 120
23 122
23 128
23 129
23 133
23 134
23 137
23 140
23 142
23 145
23 146
24 25
24 26
24 32
24 34
24 35
24 41
24 54
24 57
24 60
24 63
24 64
24 65
24 68
24 72
24 78
24 79
24 81
24 82
24 88
24 89
24 92
24 95
24 96
24 100
24 105
24 107
24 109
24 111
24 112
24 117
24 118
24 119
24 122
24 131
24 132
24 133
24 144
24 145
24 147
24 148
25 26
25 30
25 33
25 34
25 36
25 39
25 40
25 41
25 43
25 45
25 47
25 49
25 51
25 52
25 53
25 55
25 56
25 62
25 65
25 73
25 74
25 79
25 87
25 89
25 94
25 96
25 97
25 102
25 109
25 110
25 111
25 113
25 117
25 118
25 134
25 137
25 139
25 142
25 146
25 150
26 27
26 28
26 30
26 31
26 41
26 46
26 48
26 50
26 61
26 62
26 71
26 76
26 81
26 83
26 86
26 87
26 94
26 98
26 99
26 100
26 101
26 104
26 105
26 107
26 109
26 113
26 114
26 116
26 120
26 125
26 126
26 127
26 133
26 134
26 135
26 138
26 141
26 143
26 147
26 148
26 149
26 150
27 28
27 36
27 37
27 38
27 39
27 40
27 43
27 47
27 48
27 52
27 58
27 67
27 68
27 69
27 70
27 75
27 76
27 77
27 79
27 84
27 87
27 103
27 104
27 106
27 114
27 115
27 117
27 121
27 127
27 128
27 131
27 134
27 136
27 140
27 143
27 148
27 150
28 29
28 30
28 33
28 38
28 44
28 47
28 53
28 55
28 59
28 65
28 67
28 71
28 77
28 85
28 88
28 94
28 96
28 98
28 99
28 101
28 105
28 107
28 108
28 111
28 112
28 122
28 124
28 129
28 132
28 139
28 140
28 142
28 145
28 147
28 148
29 30
29 33
29 35
29 36
29 37
29 55
29 70
29 71
29 76
29 77
29 80
29 83
29 94
29 95
29 108
29 111
29 117
29 119
29 121
29 127
29 133
29 141
29 146
29 148
30 31
30 32
30 33
30 34
30 35
30 37
30 40
30 43
30 47
30 49
30 50
30 51
30 53
30 55
30 56
30 59
30 67
30 68
30 69
30 70
30 71
30 72
30 73
30 84
30 85
30 86
30 87
30 91
30 92
30 93
30 95
30 104
30 106
30 119
30 122
30 123
30 125
30 127
30 134
31 32
31 36
31 39
31 42
31 44
31 48
31 49
31 50
31 55
31 60
31 61
31 62
31 63
31 77
31 78
31 80
31 85
31 86
31 87
31 91
31 94
31 96
31 97
31 101
31 106
31 107
31 110
31 112
31 117
31 118
31 120
31 126
31 127
31 133
31 139
31 147
32 33
32 35
32 40
32 45
32 46
32 49
32 61
32 63
32 67
32 68
32 69
32 71
32 75
32 80
32 82
32 88
32 94
32 96
32 106
32 117
32 120
32 124
32 126
32 129
32 130
32 135
32 137
32 138
32 145
32 149
33 34
33 35
33 37
33 38
33 41
33 45
33 47
33 53
33 55
33 60
33 64
33 66
33 70
33 74
33 82
33 83
33 84
33 85
33 86
33 87
33 90
33 91
33 93
33 94
33 100
33 103
33 104
33 105
33 106
33 107
33 109
33 115
33 118
33 119
33 125
33 128
33 132
33 139
33 147
34 35
34 36
34 42
34 43
34 45
34 47
34 49
34 51
34 58
34 59
34 64
34 65
34 66
34 69
34 73
34 75
34 79
34 82
34 86
34 87
34 88
34 92
34 95
34 108
34 109
34 110
34 111
34 114
34 117
34 119
34 122
34 123
34 124
34 126
34 128
34 129
34 132
34 133
34 134
34 139
34 140
34 143
34 144
35 36
35 37
35 38
35 39
35 41
35 43
35 44
35 49
35 50
35 59
35 63
35 64
35 69
35 71
35 74
35 79
35 82
35 83
35 95
35 96
35 99
35 101
35 102
35 104
35 111
35 114
35 119
35 120
35 123
35 128
35 134
35 139
35 142
36 37
36 38
36 39
36 40
36 43
36 49
36 52
36 57
36 58
36 59
36 61
36 64
36 65
36 66
36 72
36 73
36 75
36 76
36 95
36 100
36 105
36 119
36 120
36 123
36 126
36 134
36 136
36 138
36 140
36 144
36 145
36 146
37 38
37 40
37 41
37 46
37 48
37 52
37 57
37 59
37 61
37 63
37 69
37 71
37 77
37 81
37 83
37 85
37 86
37 91
37 100
37 102
37 103
37 105
37 107
37 111
37 113
37 114
37 118
37 122
37 123
37 132
37 136
37 137
37 138
37 142
37 143
37 144
37 145
37 148
37 149
38 39
38 43
38 44
38 47
38 48
38 53
38 58
38 60
38 62
38 63
38 67
38 70
38 71
38 72
38 73
38 78
38 86
38 94
38 95
38 100
38 103
38 104
38 107
38 109
38 128
38 135
38 137
38 141
38 144
38 145
38 148
38 149
39 40
39 42
39 46
39 49
39 50
39 54
39 58
39 60
39 63
39 64
39 66
39 70
39 71
39 73
39 79
39 81
39 85
39 86
39 87
39 88
39 97
39 107
39 108
39 109
39 110
39 111
39 117
39 118
39 119
39 121
39 122
39 124
39 129
39 142
39 143
39 147
39 148
39 149
40 41
40 42
40 47
40 49
40 50
40 51
40 57
40 62
40 64
40 65
40 66
40 68
40 69
40 71
40 72
40 90
40 93
40 96
40 98
40 99
40 100
40 103
40 104
40 106
40 107
40 109
40 114
40 115
40 118
40 122
40 123
40 124
40 125
40 126
40 135
40 136
40 137
40 138
40 139
40 142
41 42
41 45
41 47
41 49
41 50
41 53
41 58
41 62
41 64
41 65
41 66
41 67
41 69
41 71
41 72
41 77
41 79
41 84
41 93
41 95
41 97
41 99
41 100
41 104
41 107
41 109
41 118
41 126
41 127
41 128
41 132
41 136
41 139
41 141
42 43
42 47
42 50
42 51
42 52
42 53
42 55
42 56
42 57
42 58
42 60
42 65
42 67
42 72
42 73
42 86
42 88
42 89
42 93
42 95
42 98
42 101
42 105
42 116
42 120
42 123
42 130
42 131
42 134
42 145
42 146
43 44
43 51
43 53
43 58
43 59
43 64
43 65
43 67
43 70
43 71
43 73
43 75
43 78
43 79
43 81
43 85
43 89
43 90
43 92
43 94
43 96
43 97
43 106
43 107
43 113
43 127
43 134
43 139
43 140
43 141
43 143
43 144
43 149
44 45
44 47
44 53
44 55
44 56
44 57
44 67
44 69
44 71
44 75
44 76
44 78
44 79
44 89
44 90
44 91
44 98
44 100
44 101
44 103
44 104
44 105
44 108
44 114
44 115
44 121
44 126
44 131
44 132
44 133
44 139
44 141
44 146
44 148
45 46
45 48
45 51
45 52
45 53
45 59
45 64
45 66
45 73
45 75
45 79
45 80
45 85
45 93
45 105
45 110
45 117
45 123
45 124
45 131
45 136
45 137
45 141
45 142
45 149
46 47
46 51
46 52
46 54
46 55
46 58
46 59
46 63
46 65
46 66
46 69
46 74
46 78
46 83
46 85
46 86
46 87
46 98
46 101
46 107
46 110
46 120
46 124
46 125
46 126
46 132
46 133
46 143
47 48
47 51
47 57
47 59
47 60
47 61
47 62
47 63
47 68
47 71
47 73
47 75
47 79
47 83
47 85
47 87
47 88
47 91
47 96
47 102
47 105
47 110
47 111
47 113
47 114
47 117
47 119
47 120
47 127
47 132
47 141
47 143
47 144
48 49
48 50
48 53
48 55
48 58
48 63
48 65
48 67
48 77
48 81
48 84
48 91
48 98
48 99
48 101
48 106
48 111
48 114
48 115
48 116
48 117
48 119
48 120
48 123
48 124
48 125
48 127
48 129
48 133
48 136
48 143
48 146
48 148
49 50
49 52
49 55
49 58
49 60
49 63
49 65
49 72
49 77
49 81
49 83
49 88
49 89
49 95
49 96
49 101
49 102
49 103
49 104
49 107
49 112
49 114
49 117
49 118
49 120
49 121
49 122
49 123
49 125
49 128
49 132
49 134
49 143
50 51
50 53
50 57
50 59
50 63
50 65
50 68
50 78
50 79
50 81
50 85
50 89
50 90
50 97
50 98
50 99
50 101
50 103
50 105
50 107
50 111
50 113
50 114
50 117
50 118
50 119
50 135
50 138
50 139
50 142
51 52
51 56
51 58
51 63
51 65
51 67
51 69
51 71
51 73
51 80
51 84
51 87
51 92
51 94
51 95
51 96
51 98
51 99
51 103
51 107
51 114
51 123
51 125
51 136
51 137
51 139
51 140
51 143
51 148
51 149
52 53
52 57
52 59
52 62
52 68
52 69
52 72
52 78
52 82
52 86
52 87
52 92
52 94
52 98
52 99
52 105
52 111
52 116
52 124
52 131
52 135
52 138
52 146
53 54
53 59
53 70
53 73
53 75
53 77
53 78
53 81
53 89
53 91
53 95
53 96
53 97
53 113
53 116
53 118
53 119
53 125
53 126
53 131
53 132
53 136
53 141
53 143
53 144
53 146
53 147
53 149
54 55
54 57
54 63
54 64
54 68
54 69
54 71
54 72
54 74
54 75
54 78
54 79
54 81
54 82
54 83
54 87
54 95
54 98
54 101
54 103
54 109
54 111
54 119
54 122
54 123
54 124
54 125
54 135
54 136
54 138
54 145
55 56
55 58
55 64
55 71
55 73
55 75
55 76
55 82
55 83
55 84
55 86
55 93
55 95
55 104
55 106
55 110
55 112
55 113
55 116
55 117
55 118
55 124
55 132
55 142
55 143
55 144
55 145
55 146
56 57
56 60
56 63
56 65
56 74
56 75
56 78
56 81
56 90
56 92
56 94
56 96
56 98
56 101
56 107
56 108
56 109
56 114
56 118
56 120
56 121
56 122
56 123
56 126
56 127
56 131
56 133
56 139
56 144
56 145
56 146
57 58
57 59
57 62
57 64
57 65
57 72
57 78
57 82
57 88
57 89
57 90
57 92
57 95
57 98
57 99
57 102
57 103
57 104
57 106
57 107
57 108
57 111
57 113
57 118
57 119
57 128
57 134
57 135
57 136
57 143
57 144
57 146
57 147
57 148
58 59
58 63
58 78
58 81
58 85
58 87
58 89
58 90
58 95
58 96
58 105
58 112
58 115
58 117
58 124
58 129
58 130
58 132
58 134
58 136
58 138
58 145
58 146
58 149
58 150
59 60
59 78
59 81
59 82
59 85
59 87
59 93
59 94
59 100
59 101
59 105
59 106
59 107
59 108
59 109
59 111
59 114
59 118
59 124
59 128
59 137
59 138
59 141
60 61
60 63
60 65
60 67
60 70
60 74
60 76
60 77
60 82
60 86
60 87
60 89
60 91
60 94
60 95
60 96
60 97
60 100
60 114
60 116
60 118
60 122
60 123
60 125
60 130
60 139
60 140
60 144
60 147
60 150
61 62
61 68
61 71
61 76
61 79
61 81
61 90
61 94
61 95
61 104
61 108
61 114
61 115
61 116
61 117
61 120
61 121
61 126
61 132
61 135
61 136
61 142
61 148
62 63
62 68
62 69
62 70
62 73
62 75
62 76
62 78
62 84
62 95
62 99
62 102
62 111
62 114
62 122
62 125
62 130
62 132
62 134
62 136
62 137
63 64
63 71
63 74
63 77
63 82
63 84
63 85
63 88
63 93
63 105
63 108
63 113
63 114
63 115
63 125
63 126
63 132
63 133
63 137
63 140
63 142
63 143
63 145
63 146
63 147
63 148
63 149
63 150
64 65
64 66
64 73
64 74
64 79
64 88
64 94
64 95
64 102
64 110
64 115
64 117
64 119
64 121
64 129
64 131
64 133
64 136
64 137
64 139
64 141
64 146
64 147
65 66
65 68
65 76
65 77
65 78
65 79
65 85
65 88
65 90
65 92
65 95
65 96
65 101
65 103
65 105
65 107
65 110
65 111
65 117
65 119
65 126
65 129
65 130
65 133
65 134
65 135
65 147
66 67
66 68
66 69
66 72
66 74
66 75
66 79
66 86
66 87
66 90
66 93
66 94
66 103
66 104
66 109
66 111
66 115
66 116
66 123
66 127
66 130
66 133
66 136
66 139
66 143
67 68
67 74
67 75
67 76
67 83
67 85
67 86
67 87
67 96
67 103
67 105
67 111
67 112
67 117
67 118
67 119
67 120
67 131
67 133
67 139
67 140
67 141
67 144
67 148
68 69
68 70
68 74
68 75
68 79
68 82
68 83
68 84
68 94
68 99
68 104
68 106
68 108
68 115
68 121
68 125
68 127
68 136
68 140
68 141
68 142
68 144
68 146
68 147
68 148
69 70
69 73
69 82
69 95
69 101
69 104
69 108
69 129
69 130
69 131
69 135
69 143
69 145
69 146
69 147
70 71
70 72
70 74
70 75
70 79
70 80
70 82
70 86
70 92
70 93
70 94
70 95
70 96
70 98
70 100
70 106
70 108
70 115
70 141
70 143
71 72
71 73
71 74
71 76
71 81
71 83
71 85
71 92
71 94
71 95
71 96
71 97
71 100
71 104
71 117
71 131
71 132
71 136
71 142
71 143
71 146
71 147
71 149
71 150
72 73
72 75
72 78
72 79
72 80
72 82
72 86
72 88
72 90
72 93
72 94
72 95
72 98
72 99
72 106
72 113
72 123
72 126
72 128
72 130
72 146
73 74
73 77
73 79
73 80
73 85
73 86
73 88
73 92
73 95
73 98
73 99
73 101
73 105
73 107
73 111
73 113
73 118
73 121
73 122
73 124
73 130
73 131
73 133
73 139
73 140
73 149
74 75
74 76
74 79
74 85
74 94
74 95
74 96
74 100
74 101
74 104
74 106
74 110
74 111
74 119
74 120
74 122
74 124
74 125
74 132
74 133
74 134
74 137
74 145
74 146
75 76
75 79
75 80
75 82
75 86
75 89
75 94
75 99
75 103
75 105
75 106
75 108
75 114
75 118
75 120
75 123
75 126
75 132
75 133
75 137
75 139
75 141
75 144
75 145
75 146
75 147
75 148
76 77
76 78
76 84
76 86
76 89
76 93
76 96
76 98
76 101
76 103
76 105
76 109
76 111
76 112
76 115
76 124
76 125
76 129
76 138
76 140
76 145
76 149
77 78
77 81
77 84
77 85
77 86
77 94
77 97
77 99
77 100
77 101
77 108
77 110
77 121
77 122
77 126
77 127
77 135
77 136
77 141
78 79
78 80
78 81
78 83
78 86
78 88
78 104
78 105
78 109
78 112
78 120
78 121
78 123
78 134
78 136
78 139
78 144
79 80
79 83
79 88
79 94
79 96
79 97
79 105
79 106
79 107
79 113
79 119
79 120
79 121
79 122
79 126
79 128
79 132
79 133
79 137
79 142
79 143
79 145
79 147
80 81
80 82
80 83
80 84
80 88
80 97
80 102
80 105
80 110
80 115
80 116
80 120
80 121
80 126
80 130
80 132
80 133
80 134
80 137
80 145
80 146
80 147
80 149
81 82
81 85
81 86
81 88
81 90
81 94
81 96
81 100
81 101
81 104
81 112
81 115
81 117
81 123
81 126
81 130
81 140
81 143
81 147
82 83
82 87
82 88
82 91
82 94
82 98
82 102
82 105
82 107
82 110
82 111
82 112
82 116
82 117
82 118
82 119
82 121
82 125
82 131
82 137
82 139
82 140
82 141
82 148
82 149
83 84
83 89
83 90
83 91
83 93
83 95
83 97
83 98
83 99
83 103
83 108
83 112
83 121
83 122
83 123
83 128
83 133
83 137
83 140
83 144
83 148
84 85
84 88
84 90
84 95
84 100
84 107
84 108
84 124
84 127
84 130
84 131
84 135
84 136
84 145
84 146
84 149
85 86
85 94
85 96
85 97
85 99
85 109
85 117
85 120
85 122
85 123
85 126
85 129
85 134
85 135
85 136
85 137
85 138
85 140
85 142
85 147
86 87
86 91
86 95
86 97
86 98
86 104
86 113
86 117
86 119
86 123
86 135
86 147
86 149
87 88
87 90
87 96
87 101
87 107
87 109
87 110
87 117
87 121
87 124
87 131
87 133
87 138
87 146
87 148
87 149
88 89
88 91
88 95
88 100
88 101
88 104
88 105
88 108
88 110
88 113
88 124
88 126
88 133
88 134
88 138
88 149
89 90
89 96
89 97
89 98
89 99
89 106
89 107
89 111
89 115
89 118
89 129
89 130
89 131
89 139
89 140
89 143
89 146
89 147
89 149
89 150
90 91
90 92
90 96
90 101
90 102
90 104
90 105
90 108
90 110
90 114
90 117
90 119
90 120
90 123
90 126
90 134
90 140
90 141
90 142
90 143
90 145
90 148
90 149
91 92
91 98
91 100
91 101
91 102
91 105
91 106
91 109
91 112
91 128
91 131
91 134
91 135
91 137
91 145
91 150
92 93
92 95
92 101
92 102
92 106
92 111
92 113
92 118
92 119
92 120
92 130
92 132
92 134
92 137
92 139
92 141
92 146
92 147
93 94
93 96
93 98
93 100
93 102
93 110
93 112
93 117
93 118
93 120
93 124
93 127
93 132
93 134
93 137
93 143
93 147
94 95
94 102
94 103
94 105
94 106
94 107
94 108
94 109
94 110
94 112
94 115
94 116
94 119
94 121
94 126
94 127
94 129
94 131
94 133
94 138
94 139
94 140
94 143
94 148
95 96
95 105
95 108
95 109
95 110
95 112
95 120
95 122
95 123
95 126
95 131
95 135
95 141
95 143
95 145
95 149
96 97
96 101
96 104
96 106
96 115
96 116
96 119
96 122
96 123
96 127
96 128
96 130
96 140
96 144
96 146
97 98
97 99
97 100
97 110
97 114
97 121
97 125
97 129
97 132
97 137
97 138
97 139
97 140
97 144
97 147
97 148
98 99
98 102
98 115
98 119
98 122
98 136
98 140
98 143
98 144
98 145
98 149
99 100
99 104
99 113
99 120
99 122
99 124
99 131
99 132
99 135
99 136
99 139
99 140
99 150
100 101
100 102
100 108
100 115
100 119
100 122
100 126
100 128
100 131
100 132
100 136
100 137
100 146
101 102
101 103
101 104
101 106
101 116
101 118
101 119
101 121
101 123
101 138
101 139
101 146
102 103
102 104
102 111
102 117
102 118
102 121
102 122
102 125
102 127
102 129
102 132
102 133
102 136
102 139
102 140
102 142
102 143
102 145
103 104
103 105
103 107
103 109
103 112
103 120
103 123
103 141
103 147
103 148
103 150
104 105
104 108
104 110
104 111
104 112
104 116
104 121
104 127
104 135
104 136
104 137
104 144
104 148
105 106
105 111
105 112
105 118
105 124
105 126
105 127
105 128
105 129
105 132
105 134
105 136
105 138
105 140
105 148
105 149
106 107
106 109
106 110
106 113
106 126
106 129
106 133
106 136
106 139
106 141
106 145
107 108
107 109
107 111
107 116
107 120
107 125
107 127
107 128
107 134
107 136
107 139
107 142
107 143
107 148
108 109
108 110
108 114
108 117
108 119
108 122
108 123
108 125
108 126
108 130
108 135
108 136
108 138
108 139
108 144
108 147
109 110
109 113
109 119
109 121
109 123
109 125
109 126
109 133
109 135
109 142
109 145
109 147
109 148
109 150
110 111
110 113
110 115
110 117
110 118
110 119
110 134
110 140
110 141
110 143
111 112
111 118
111 121
111 131
111 137
111 138
111 140
111 149
111 150
112 113
112 114
112 119
112 124
112 125
112 128
112 129
112 131
112 133
112 135
112 136
112 137
112 143
112 144
113 114
113 116
113 119
113 122
113 124
113 125
113 128
113 131
113 136
113 140
113 142
113 148
113 149
114 115
114 116
114 117
114 122
114 126
114 128
114 130
114 133
114 134
114 135
114 139
114 140
114 141
114 145
114 146
114 149
115 116
115 122
115 124
115 125
115 128
115 130
115 132
115 134
115 135
115 136
115 138
115 141
115 145
115 147
115 149
116 117
116 119
116 126
116 130
116 136
116 137
116 138
116 143
116 145
116 147
117 118
117 119
117 121
117 122
117 124
117 128
117 129
117 133
117 136
117 140
117 143
117 148
118 119
118 122
118 123
118 128
118 133
118 136
118 139
118 143
118 144
118 145
118 146
118 150
119 120
119 127
119 136
119 141
119 144
119 147
119 150
120 121
120 125
120 127
120 128
120 129
120 134
120 138
120 141
121 122
121 123
121 124
121 127
121 130
121 134
121 135
121 139
121 142
121 143
121 145
121 148
122 123
122 126
122 127
122 129
122 130
122 143
122 146
122 148
123 124
123 125
123 126
123 131
123 137
123 142
123 144
124 125
124 127
124 128
124 136
124 142
124 143
124 147
124 148
124 149
125 126
125 130
125 135
125 137
125 142
125 149
126 127
126 131
126 133
126 137
126 143
126 144
126 145
126 149
127 128
127 134
127 135
127 146
127 147
128 129
128 136
128 138
128 139
128 140
128 141
128 145
129 130
129 131
129 134
129 136
129 137
129 138
129 140
129 142
130 131
130 132
130 133
130 144
131 132
131 133
131 139
131 141
131 142
131 145
131 147
131 148
132 133
132 135
132 136
132 139
132 144
132 146
132 147
133 134
133 138
133 140
133 141
133 147
133 149
134 135
134 136
134 140
134 142
134 143
134 148
134 149
135 136
135 137
135 141
135 146
136 137
136 139
136 144
136 147
137 138
137 139
137 140
137 143
138 139
138 144
138 147
139 140
139 142
139 144
139 146
140 141
140 143
141 142
141 149
142 143
142 145
142 149
143 144
143 146
144 145
144 150
145 146
146 147
147 148
147 150
148 149
149 150
