150 559
1 2
1 17
1 87
1 91
1 114
2 3
2 82
2 88
2 119
2 124
2 130
2 146
3 4
3 79
3 90
3 100
3 106
3 132
4 5
4 9
4 24
4 40
4 63
4 71
4 108
4 138
5 6
5 27
5 51
5 57
5 78
5 87
5 95
5 111
5 126
6 7
6 77
6 103
7 8
7 16
7 26
7 44
7 46
7 56
7 70
7 72
7 100
7 107
7 114
8 9
8 47
8 99
8 108
8 109
9 10
9 12
9 24
9 28
9 39
9 109
10 11
10 49
10 51
10 53
10 64
10 81
10 92
10 99
10 121
11 12
11 18
11 19
11 23
11 71
11 84
11 93
11 119
12 13
12 122
12 138
13 14
13 38
13 100
13 103
13 141
14 15
14 45
14 99
14 100
14 114
14 127
14 128
15 16
15 33
15 56
15 68
15 93
15 116
15 126
15 127
15 130
15 136
15 139
16 17
16 26
16 37
16 45
16 48
17 18
17 27
17 102
18 19
18 22
18 61
19 20
19 61
19 63
20 21
20 50
20 73
20 118
20 137
21 22
21 58
21 64
21 96
21 112
21 121
21 148
22 23
22 25
22 34
22 99
23 24
23 60
23 131
24 25
24 30
24 101
24 122
24 132
25 26
25 36
25 57
25 77
25 111
26 27
26 31
26 35
26 38
26 40
26 44
26 50
26 119
26 140
26 147
27 28
27 51
27 60
27 77
27 132
28 29
28 52
28 55
28 91
28 112
28 116
29 30
29 57
29 88
29 121
29 135
30 31
30 69
30 92
30 108
30 109
31 32
31 43
31 68
31 79
31 94
31 95
31 111
32 33
32 40
32 90
33 34
33 61
33 83
33 140
34 35
34 65
34 99
34 114
34 145
35 36
35 39
35 46
35 85
35 145
36 37
36 47
36 72
36 90
36 101
36 110
36 114
36 126
36 141
37 38
37 44
37 65
37 75
37 89
37 101
37 105
37 118
37 133
37 143
38 39
38 46
38 49
38 75
38 93
38 107
38 118
38 130
38 149
39 40
39 90
39 139
39 140
40 41
40 104
41 42
41 44
41 69
41 73
41 94
41 109
41 133
42 43
42 65
42 81
42 120
42 146
43 44
43 96
44 45
44 61
44 75
44 88
45 46
45 55
45 57
45 105
45 119
45 133
46 47
46 59
46 77
46 100
46 133
46 147
47 48
47 89
47 99
47 108
47 109
47 136
48 49
48 119
48 127
49 50
49 55
49 101
50 51
50 53
50 60
51 52
51 114
51 119
52 53
52 69
52 85
52 102
52 103
52 115
52 127
52 145
53 54
53 101
53 131
53 134
54 55
54 67
54 115
54 136
55 56
55 97
55 103
56 57
56 65
56 72
56 135
56 145
57 58
57 82
57 108
57 146
58 59
58 65
58 139
59 60
59 62
59 105
60 61
60 107
60 117
60 126
61 62
61 87
61 120
61 150
62 63
62 68
63 64
63 68
63 80
63 104
64 65
64 77
64 113
64 128
64 144
64 146
65 66
65 99
65 102
65 125
65 136
65 142
65 148
66 67
66 76
66 98
66 109
66 118
66 138
67 68
67 70
67 71
67 125
67 137
68 69
68 92
68 101
68 123
68 144
69 70
69 105
69 121
69 138
69 142
70 71
70 93
70 126
71 72
71 102
71 142
71 149
72 73
72 83
73 74
73 149
74 75
74 146
75 76
75 92
76 77
76 88
76 96
76 118
76 124
76 134
76 146
76 148
77 78
77 104
77 126
78 79
78 120
78 133
78 149
79 80
80 81
80 96
80 101
80 130
81 82
81 94
81 100
81 126
81 144
82 83
82 84
82 85
82 94
82 108
82 121
82 142
82 149
83 84
83 137
83 145
84 85
84 98
84 133
84 140
85 86
85 99
85 102
85 130
86 87
86 117
86 143
87 88
88 89
88 119
88 149
89 90
89 123
89 125
90 91
90 147
91 92
91 112
91 113
92 93
92 103
92 146
93 94
93 141
94 95
94 122
94 129
94 130
94 132
94 140
95 96
95 109
95 142
96 97
96 112
96 133
97 98
97 112
98 99
98 101
98 145
98 146
99 100
99 134
100 101
100 126
100 128
100 142
101 102
101 139
101 140
101 147
102 103
103 104
103 133
103 144
104 105
105 106
105 110
105 116
106 107
107 108
107 110
107 124
107 136
107 150
108 109
108 145
109 110
109 141
110 111
110 115
111 112
111 115
112 113
113 114
113 125
113 138
113 143
113 146
114 115
114 136
115 116
115 137
116 117
116 129
117 118
117 142
117 149
118 119
118 148
119 120
119 145
120 121
120 126
121 122
121 136
122 123
122 126
123 124
124 125
125 126
125 147
126 127
127 128
127 147
128 129
129 130
129 143
129 148
130 131
130 139
130 150
131 132
131 149
132 133
132 145
133 134
133 137
134 135
134 139
135 136
136 137
137 138
137 139
138 139
139 140
140 141
140 143
141 142
142 143
143 144
144 145
145 146
146 147
146 148
147 148
148 149
149 150
