200 9950
1 2
1 3
1 5
1 6
1 12
1 15
1 17
1 21
1 28
1 34
1 43
1 44
1 52
1 60
1 64
1 65
1 67
1 69
1 70
1 76
1 82
1 85
1 87
1 89
1 90
1 103
1 106
1 108
1 112
1 114
1 115
1 119
1 121
1 123
1 124
1 125
1 131
1 133
1 137
1 140
1 142
1 143
1 145
1 147
1 148
1 149
1 151
1 157
1 158
1 160
1 163
1 165
1 168
1 169
1 170
1 173
1 182
1 184
1 185
1 187
1 189
1 195
2 3
2 4
2 5
2 6
2 10
2 11
2 12
2 13
2 14
2 17
2 22
2 25
2 27
2 30
2 31
2 32
2 34
2 38
2 41
2 43
2 45
2 46
2 47
2 48
2 49
2 50
2 51
2 53
2 54
2 56
2 57
2 59
2 61
2 62
2 63
2 67
2 68
2 69
2 70
2 76
2 77
2 78
2 80
2 81
2 83
2 84
2 85
2 86
2 88
2 90
2 91
2 93
2 95
2 96
2 97
2 98
2 100
2 107
2 112
2 114
2 115
2 116
2 117
2 119
2 120
2 124
2 126
2 127
2 129
2 130
2 131
2 133
2 134
2 135
2 138
2 141
2 142
2 143
2 145
2 146
2 147
2 148
2 149
2 151
2 155
2 156
2 158
2 159
2 160
2 161
2 162
2 163
2 165
2 166
2 170
2 171
2 176
2 178
2 182
2 184
2 185
2 187
2 193
2 196
2 198
3 4
3 6
3 8
3 9
3 10
3 13
3 15
3 16
3 17
3 18
3 19
3 20
3 26
3 27
3 29
3 31
3 32
3 34
3 36
3 37
3 40
3 41
3 43
3 45
3 47
3 49
3 53
3 54
3 55
3 56
3 58
3 61
3 62
3 64
3 65
3 70
3 72
3 73
3 76
3 78
3 82
3 83
3 86
3 87
3 88
3 89
3 90
3 91
3 93
3 94
3 97
3 98
3 100
3 103
3 104
3 105
3 106
3 108
3 110
3 111
3 112
3 116
3 118
3 119
3 122
3 124
3 125
3 126
3 127
3 129
3 130
3 131
3 133
3 138
3 139
3 140
3 141
3 144
3 146
3 148
3 153
3 154
3 156
3 157
3 165
3 166
3 167
3 170
3 171
3 173
3 176
3 177
3 180
3 184
3 185
3 191
3 192
3 197
3 199
4 5
4 6
4 7
4 8
4 10
4 11
4 13
4 18
4 20
4 22
4 23
4 27
4 28
4 31
4 35
4 40
4 41
4 44
4 46
4 47
4 48
4 50
4 51
4 55
4 57
4 58
4 59
4 62
4 64
4 65
4 66
4 67
4 68
4 69
4 73
4 74
4 77
4 78
4 79
4 80
4 81
4 82
4 85
4 87
4 89
4 90
4 91
4 94
4 95
4 96
4 97
4 102
4 106
4 108
4 111
4 112
4 113
4 115
4 116
4 117
4 118
4 119
4 121
4 123
4 125
4 126
4 127
4 128
4 131
4 132
4 136
4 138
4 139
4 142
4 143
4 144
4 145
4 151
4 154
4 155
4 156
4 159
4 160
4 164
4 166
4 169
4 170
4 171
4 175
4 177
4 180
4 182
4 183
4 184
4 186
4 188
4 193
4 194
4 199
5 6
5 7
5 8
5 12
5 13
5 17
5 18
5 19
5 20
5 21
5 22
5 23
5 24
5 25
5 26
5 27
5 28
5 32
5 33
5 34
5 37
5 38
5 42
5 43
5 44
5 45
5 46
5 48
5 50
5 51
5 53
5 55
5 57
5 60
5 63
5 64
5 67
5 68
5 69
5 71
5 73
5 74
5 76
5 82
5 83
5 86
5 89
5 90
5 92
5 94
5 95
5 104
5 105
5 108
5 109
5 110
5 116
5 119
5 122
5 123
5 125
5 126
5 129
5 130
5 133
5 134
5 135
5 136
5 138
5 140
5 141
5 142
5 144
5 146
5 148
5 149
5 151
5 156
5 158
5 163
5 164
5 167
5 168
5 169
5 173
5 182
5 185
5 186
5 189
5 190
5 193
5 195
5 196
6 7
6 8
6 9
6 10
6 11
6 12
6 16
6 17
6 18
6 19
6 20
6 22
6 24
6 25
6 28
6 30
6 32
6 33
6 37
6 38
6 39
6 40
6 44
6 45
6 47
6 51
6 52
6 54
6 55
6 58
6 62
6 64
6 69
6 72
6 76
6 77
6 78
6 79
6 80
6 85
6 86
6 92
6 93
6 95
6 97
6 100
6 101
6 106
6 107
6 108
6 114
6 116
6 119
6 121
6 126
6 127
6 128
6 129
6 130
6 132
6 133
6 137
6 138
6 139
6 143
6 145
6 146
6 147
6 149
6 150
6 153
6 157
6 158
6 159
6 161
6 162
6 163
6 164
6 165
6 167
6 172
6 173
6 176
6 178
6 182
6 183
6 184
6 186
6 189
6 190
6 191
6 195
6 196
6 199
7 8
7 9
7 10
7 12
7 17
7 19
7 20
7 21
7 22
7 25
7 26
7 29
7 30
7 31
7 34
7 36
7 38
7 39
7 41
7 45
7 47
7 48
7 49
7 50
7 52
7 54
7 55
7 63
7 68
7 69
7 70
7 71
7 74
7 78
7 81
7 82
7 83
7 86
7 92
7 94
7 95
7 97
7 99
7 100
7 102
7 104
7 106
7 109
7 111
7 112
7 114
7 115
7 118
7 119
7 120
7 123
7 124
7 125
7 127
7 129
7 130
7 132
7 133
7 134
7 136
7 137
7 138
7 140
7 142
7 143
7 144
7 146
7 147
7 148
7 151
7 160
7 161
7 162
7 164
7 167
7 170
7 172
7 173
7 175
7 176
7 180
7 182
7 184
7 185
7 186
7 187
7 189
7 194
7 195
7 197
7 199
8 9
8 12
8 13
8 15
8 16
8 17
8 18
8 21
8 23
8 24
8 26
8 28
8 29
8 30
8 32
8 33
8 34
8 35
8 37
8 38
8 39
8 41
8 42
8 43
8 45
8 46
8 50
8 53
8 55
8 56
8 59
8 60
8 62
8 64
8 65
8 66
8 68
8 70
8 71
8 75
8 76
8 78
8 79
8 82
8 85
8 87
8 88
8 89
8 90
8 94
8 95
8 98
8 100
8 101
8 103
8 104
8 107
8 109
8 112
8 116
8 117
8 118
8 122
8 124
8 129
8 130
8 132
8 133
8 134
8 135
8 136
8 137
8 140
8 145
8 147
8 148
8 150
8 151
8 155
8 156
8 161
8 163
8 164
8 165
8 167
8 168
8 170
8 176
8 177
8 179
8 181
8 182
8 184
8 185
8 190
8 192
8 193
8 195
8 200
9 10
9 11
9 13
9 14
9 16
9 21
9 23
9 26
9 27
9 29
9 31
9 32
9 33
9 34
9 36
9 37
9 38
9 43
9 44
9 50
9 52
9 54
9 58
9 59
9 61
9 64
9 65
9 66
9 68
9 70
9 75
9 77
9 79
9 82
9 83
9 88
9 89
9 92
9 93
9 94
9 95
9 96
9 99
9 101
9 104
9 106
9 107
9 108
9 111
9 112
9 114
9 115
9 116
9 117
9 118
9 119
9 120
9 122
9 123
9 124
9 125
9 126
9 127
9 128
9 130
9 132
9 133
9 134
9 136
9 138
9 141
9 142
9 144
9 146
9 157
9 158
9 161
9 162
9 164
9 165
9 166
9 167
9 169
9 171
9 172
9 174
9 175
9 182
9 183
9 186
9 191
9 193
9 195
9 196
9 197
10 11
10 12
10 16
10 20
10 21
10 23
10 24
10 29
10 30
10 31
10 32
10 37
10 38
10 39
10 41
10 48
10 49
10 51
10 55
10 57
10 58
10 59
10 60
10 62
10 63
10 64
10 65
10 67
10 69
10 73
10 74
10 75
10 80
10 83
10 84
10 86
10 87
10 88
10 89
10 90
10 92
10 94
10 101
10 103
10 106
10 109
10 111
10 112
10 113
10 114
10 121
10 122
10 123
10 125
10 128
10 130
10 131
10 133
10 134
10 136
10 138
10 140
10 141
10 142
10 143
10 145
10 148
10 150
10 151
10 153
10 154
10 155
10 158
10 159
10 161
10 162
10 163
10 166
10 167
10 169
10 170
10 172
10 173
10 174
10 177
10 178
10 181
10 183
10 184
10 186
10 187
10 188
10 189
10 191
10 192
10 196
10 199
10 200
11 12
11 14
11 15
11 20
11 22
11 24
11 26
11 27
11 28
11 29
11 30
11 33
11 34
11 35
11 36
11 39
11 40
11 43
11 44
11 46
11 47
11 48
11 49
11 51
11 52
11 53
11 55
11 58
11 59
11 60
11 61
11 62
11 64
11 69
11 72
11 75
11 76
11 77
11 78
11 80
11 81
11 82
11 83
11 85
11 87
11 88
11 89
11 90
11 94
11 98
11 99
11 100
11 101
11 102
11 103
11 104
11 105
11 107
11 109
11 111
11 112
11 113
11 118
11 121
11 122
11 123
11 128
11 130
11 131
11 133
11 134
11 137
11 138
11 139
11 141
11 143
11 144
11 145
11 148
11 150
11 151
11 159
11 160
11 161
11 162
11 163
11 165
11 166
11 169
11 171
11 173
11 175
11 177
11 178
11 179
11 181
11 182
11 183
11 184
11 185
11 189
12 13
12 16
12 18
12 19
12 26
12 27
12 28
12 31
12 36
12 37
12 38
12 42
12 44
12 45
12 46
12 47
12 50
12 51
12 52
12 55
12 57
12 58
12 65
12 66
12 67
12 70
12 71
12 73
12 74
12 75
12 76
12 79
12 84
12 87
12 88
12 90
12 92
12 98
12 100
12 101
12 102
12 106
12 107
12 108
12 110
12 112
12 113
12 114
12 116
12 118
12 121
12 124
12 126
12 134
12 140
12 143
12 145
12 146
12 149
12 150
12 152
12 155
12 156
12 157
12 160
12 161
12 164
12 165
12 166
12 167
12 168
12 169
12 173
12 174
12 176
12 177
12 179
12 180
12 181
12 182
12 184
12 186
12 188
12 192
12 193
12 195
12 197
12 200
13 14
13 16
13 21
13 22
13 23
13 27
13 28
13 30
13 31
13 36
13 37
13 38
13 39
13 40
13 41
13 44
13 46
13 49
13 52
13 57
13 58
13 59
13 60
13 62
13 63
13 67
13 68
13 72
13 73
13 74
13 75
13 76
13 77
13 78
13 80
13 81
13 83
13 88
13 91
13 93
13 94
13 95
13 97
13 101
13 102
13 106
13 107
13 109
13 110
13 114
13 119
13 122
13 123
13 125
13 127
13 130
13 134
13 135
13 146
13 147
13 150
13 151
13 152
13 154
13 157
13 159
13 160
13 161
13 162
13 163
13 168
13 172
13 173
13 177
13 180
13 186
13 187
13 189
13 192
13 193
13 194
13 197
13 198
13 199
14 15
14 18
14 19
14 22
14 23
14 31
14 32
14 37
14 38
14 39
14 40
14 42
14 48
14 51
14 60
14 63
14 64
14 69
14 70
14 73
14 78
14 80
14 87
14 88
14 89
14 93
14 94
14 95
14 97
14 98
14 99
14 100
14 101
14 103
14 105
14 109
14 111
14 114
14 115
14 116
14 119
14 120
14 126
14 130
14 133
14 134
14 136
14 138
14 142
14 148
14 150
14 152
14 154
14 155
14 161
14 162
14 163
14 164
14 170
14 171
14 173
14 176
14 178
14 180
14 181
14 187
14 188
14 192
14 193
14 195
14 196
14 198
14 199
15 16
15 17
15 18
15 26
15 28
15 29
15 30
15 34
15 35
15 39
15 41
15 42
15 43
15 45
15 46
15 49
15 50
15 51
15 56
15 57
15 60
15 61
15 62
15 64
15 66
15 69
15 71
15 72
15 74
15 75
15 76
15 77
15 78
15 79
15 80
15 81
15 84
15 86
15 88
15 89
15 92
15 97
15 99
15 100
15 102
15 104
15 105
15 106
15 109
15 110
15 111
15 112
15 113
15 114
15 115
15 120
15 121
15 122
15 125
15 127
15 128
15 130
15 131
15 133
15 134
15 135
15 136
15 137
15 138
15 139
15 141
15 147
15 151
15 152
15 153
15 155
15 158
15 160
15 161
15 165
15 171
15 175
15 178
15 179
15 180
15 182
15 183
15 185
15 186
15 187
15 189
15 191
15 192
15 195
15 199
16 17
16 18
16 21
16 23
16 24
16 26
16 28
16 29
16 30
16 33
16 34
16 35
16 36
16 38
16 41
16 45
16 47
16 49
16 51
16 52
16 54
16 57
16 59
16 60
16 62
16 63
16 65
16 66
16 68
16 70
16 71
16 76
16 77
16 79
16 81
16 82
16 85
16 87
16 89
16 90
16 92
16 94
16 95
16 101
16 102
16 104
16 105
16 106
16 109
16 112
16 118
16 121
16 122
16 123
16 125
16 126
16 130
16 134
16 135
16 136
16 137
16 138
16 139
16 143
16 144
16 145
16 150
16 151
16 152
16 154
16 159
16 161
16 163
16 167
16 168
16 170
16 172
16 173
16 174
16 178
16 180
16 181
16 182
16 186
16 192
16 193
16 196
16 197
16 199
16 200
17 18
17 19
17 20
17 21
17 23
17 25
17 26
17 27
17 29
17 30
17 31
17 32
17 38
17 44
17 46
17 48
17 49
17 52
17 53
17 55
17 57
17 58
17 59
17 60
17 61
17 63
17 64
17 65
17 68
17 69
17 71
17 72
17 75
17 77
17 78
17 80
17 81
17 83
17 84
17 86
17 87
17 88
17 91
17 92
17 93
17 94
17 95
17 97
17 98
17 101
17 102
17 104
17 105
17 106
17 107
17 109
17 112
17 114
17 116
17 120
17 122
17 123
17 125
17 126
17 128
17 130
17 133
17 134
17 135
17 139
17 140
17 141
17 144
17 148
17 149
17 150
17 158
17 160
17 161
17 162
17 164
17 166
17 167
17 171
17 172
17 175
17 176
17 179
17 181
17 183
17 184
17 185
17 188
17 189
17 191
17 194
17 196
17 198
17 199
18 19
18 20
18 23
18 26
18 27
18 28
18 29
18 31
18 33
18 34
18 35
18 36
18 39
18 42
18 46
18 47
18 48
18 49
18 50
18 51
18 53
18 54
18 55
18 56
18 62
18 63
18 66
18 67
18 68
18 70
18 72
18 73
18 74
18 77
18 80
18 85
18 88
18 91
18 93
18 94
18 96
18 98
18 101
18 102
18 105
18 110
18 111
18 112
18 113
18 114
18 118
18 121
18 122
18 123
18 124
18 125
18 129
18 130
18 131
18 132
18 133
18 134
18 137
18 140
18 141
18 143
18 146
18 147
18 152
18 153
18 154
18 156
18 159
18 161
18 163
18 167
18 170
18 174
18 175
18 177
18 181
18 182
18 183
18 185
18 186
18 187
18 191
18 193
18 195
18 199
19 20
19 24
19 28
19 32
19 33
19 35
19 37
19 39
19 40
19 42
19 43
19 45
19 46
19 48
19 51
19 52
19 53
19 54
19 56
19 58
19 60
19 61
19 62
19 64
19 66
19 67
19 68
19 69
19 71
19 72
19 73
19 76
19 77
19 78
19 79
19 83
19 85
19 87
19 88
19 90
19 91
19 95
19 96
19 97
19 98
19 100
19 102
19 106
19 107
19 109
19 110
19 112
19 114
19 115
19 119
19 121
19 123
19 124
19 126
19 129
19 136
19 138
19 139
19 143
19 145
19 146
19 147
19 149
19 152
19 153
19 156
19 157
19 158
19 159
19 160
19 161
19 168
19 169
19 170
19 172
19 173
19 178
19 179
19 182
19 184
19 186
19 187
19 188
19 190
19 191
19 192
19 193
19 194
19 199
20 21
20 22
20 23
20 24
20 25
20 27
20 28
20 29
20 31
20 33
20 39
20 43
20 44
20 47
20 49
20 53
20 54
20 55
20 56
20 57
20 58
20 59
20 61
20 66
20 67
20 69
20 71
20 75
20 76
20 78
20 83
20 84
20 85
20 86
20 88
20 90
20 91
20 92
20 95
20 97
20 98
20 99
20 100
20 102
20 103
20 105
20 107
20 112
20 113
20 115
20 123
20 126
20 127
20 129
20 130
20 132
20 133
20 135
20 137
20 138
20 139
20 142
20 143
20 144
20 149
20 150
20 154
20 156
20 158
20 160
20 161
20 166
20 169
20 171
20 173
20 174
20 175
20 176
20 179
20 180
20 181
20 185
20 187
20 190
20 191
20 196
20 198
20 199
21 22
21 24
21 26
21 33
21 36
21 37
21 40
21 43
21 44
21 46
21 49
21 50
21 51
21 52
21 53
21 55
21 56
21 59
21 63
21 66
21 67
21 69
21 72
21 74
21 75
21 76
21 78
21 84
21 88
21 91
21 94
21 95
21 103
21 104
21 105
21 106
21 109
21 111
21 113
21 116
21 118
21 119
21 120
21 121
21 122
21 123
21 125
21 126
21 127
21 130
21 133
21 137
21 138
21 139
21 143
21 144
21 145
21 148
21 150
21 152
21 156
21 158
21 159
21 161
21 163
21 165
21 166
21 167
21 169
21 170
21 171
21 173
21 180
21 182
21 184
21 185
21 187
21 188
21 189
21 193
21 195
21 196
21 197
21 198
22 23
22 25
22 28
22 31
22 33
22 35
22 36
22 40
22 41
22 42
22 44
22 45
22 47
22 50
22 53
22 54
22 55
22 57
22 58
22 62
22 64
22 65
22 66
22 67
22 68
22 69
22 70
22 71
22 72
22 77
22 80
22 84
22 85
22 86
22 89
22 91
22 96
22 98
22 99
22 101
22 102
22 107
22 108
22 109
22 111
22 112
22 113
22 116
22 117
22 119
22 120
22 121
22 122
22 123
22 129
22 130
22 131
22 132
22 133
22 138
22 142
22 145
22 146
22 147
22 148
22 149
22 152
22 153
22 156
22 158
22 160
22 161
22 162
22 164
22 165
22 166
22 167
22 168
22 169
22 170
22 172
22 173
22 174
22 177
22 179
22 183
22 185
22 186
22 187
22 188
22 189
22 192
22 193
22 194
22 198
22 199
22 200
23 24
23 25
23 26
23 31
23 32
23 33
23 36
23 39
23 40
23 43
23 44
23 48
23 50
23 52
23 54
23 57
23 61
23 62
23 65
23 66
23 69
23 74
23 75
23 76
23 77
23 79
23 82
23 86
23 87
23 88
23 92
23 93
23 95
23 96
23 101
23 102
23 103
23 105
23 106
23 107
23 110
23 111
23 112
23 113
23 114
23 115
23 117
23 119
23 120
23 121
23 124
23 126
23 128
23 130
23 131
23 132
23 133
23 135
23 136
23 137
23 138
23 141
23 142
23 143
23 144
23 145
23 146
23 147
23 148
23 151
23 153
23 154
23 156
23 158
23 160
23 161
23 163
23 167
23 169
23 170
23 171
23 173
23 174
23 175
23 176
23 179
23 181
23 186
23 188
23 190
23 192
23 193
23 196
23 199
24 25
24 26
24 27
24 28
24 29
24 30
24 32
24 33
24 34
24 35
24 36
24 37
24 41
24 44
24 47
24 48
24 49
24 50
24 51
24 53
24 58
24 59
24 62
24 63
24 65
24 68
24 70
24 71
24 72
24 73
24 74
24 78
24 80
24 81
24 83
24 85
24 86
24 87
24 89
24 90
24 91
24 93
24 94
24 97
24 99
24 101
24 102
24 103
24 105
24 107
24 108
24 112
24 113
24 114
24 117
24 118
24 119
24 124
24 126
24 127
24 128
24 129
24 130
24 132
24 135
24 138
24 139
24 140
24 141
24 143
24 147
24 148
24 150
24 152
24 154
24 155
24 156
24 157
24 158
24 161
24 162
24 163
24 166
24 167
24 168
24 171
24 172
24 174
24 175
24 183
24 185
24 186
24 189
24 192
24 193
24 194
24 196
24 198
24 199
25 26
25 34
25 39
25 41
25 44
25 46
25 47
25 51
25 53
25 55
25 56
25 57
25 58
25 60
25 61
25 64
25 65
25 66
25 67
25 70
25 77
25 80
25 82
25 85
25 87
25 88
25 89
25 90
25 98
25 99
25 102
25 105
25 106
25 110
25 111
25 112
25 113
25 116
25 117
25 118
25 120
25 121
25 122
25 123
25 125
25 126
25 127
25 128
25 129
25 130
25 133
25 135
25 136
25 138
25 140
25 141
25 142
25 144
25 148
25 149
25 150
25 154
25 161
25 163
25 164
25 165
25 168
25 169
25 170
25 171
25 172
25 175
25 178
25 181
25 182
25 188
25 189
25 190
25 193
25 196
25 197
25 200
26 27
26 33
26 38
26 40
26 42
26 44
26 45
26 47
26 48
26 49
26 51
26 52
26 53
26 54
26 55
26 57
26 59
26 60
26 62
26 63
26 66
26 67
26 68
26 70
26 72
26 73
26 74
26 77
26 79
26 80
26 83
26 86
26 88
26 91
26 93
26 98
26 100
26 101
26 103
26 106
26 110
26 111
26 112
26 113
26 114
26 118
26 129
26 132
26 133
26 135
26 137
26 139
26 144
26 145
26 147
26 151
26 152
26 153
26 154
26 155
26 156
26 157
26 159
26 163
26 164
26 165
26 168
26 171
26 174
26 175
26 177
26 183
26 186
26 189
26 191
26 193
26 194
26 197
26 198
27 28
27 29
27 30
27 31
27 33
27 34
27 35
27 36
27 38
27 39
27 43
27 47
27 51
27 52
27 54
27 55
27 57
27 60
27 61
27 62
27 63
27 65
27 66
27 67
27 68
27 70
27 71
27 73
27 74
27 77
27 80
27 83
27 85
27 86
27 93
27 94
27 95
27 96
27 97
27 98
27 101
27 109
27 112
27 113
27 114
27 117
27 120
27 123
27 124
27 127
27 128
27 132
27 133
27 134
27 136
27 139
27 141
27 144
27 149
27 150
27 151
27 154
27 159
27 160
27 161
27 162
27 163
27 165
27 166
27 167
27 169
27 170
27 173
27 174
27 175
27 177
27 180
27 181
27 183
27 184
27 185
27 188
27 190
27 193
27 196
27 198
28 29
28 32
28 33
28 34
28 37
28 38
28 39
28 40
28 43
28 44
28 47
28 48
28 50
28 51
28 53
28 57
28 60
28 62
28 63
28 64
28 65
28 69
28 70
28 71
28 73
28 74
28 75
28 76
28 77
28 78
28 79
28 80
28 82
28 85
28 86
28 90
28 91
28 92
28 94
28 95
28 97
28 98
28 100
28 101
28 103
28 104
28 108
28 109
28 110
28 112
28 113
28 115
28 117
28 119
28 120
28 121
28 122
28 123
28 126
28 127
28 128
28 129
28 132
28 135
28 136
28 137
28 138
28 141
28 147
28 148
28 157
28 158
28 161
28 162
28 164
28 165
28 166
28 167
28 168
28 172
28 174
28 175
28 178
28 179
28 181
28 183
28 185
28 187
28 191
28 192
28 194
28 195
28 197
28 198
28 199
29 30
29 33
29 38
29 39
29 40
29 41
29 43
29 44
29 46
29 49
29 52
29 53
29 54
29 55
29 58
29 61
29 62
29 64
29 66
29 67
29 73
29 81
29 86
29 87
29 89
29 90
29 91
29 92
29 93
29 94
29 95
29 97
29 99
29 100
29 101
29 102
29 103
29 106
29 108
29 109
29 111
29 112
29 116
29 118
29 120
29 121
29 122
29 123
29 125
29 127
29 132
29 133
29 136
29 142
29 143
29 147
29 148
29 149
29 150
29 151
29 152
29 153
29 155
29 156
29 159
29 160
29 161
29 163
29 164
29 165
29 166
29 167
29 171
29 173
29 175
29 176
29 179
29 183
29 184
29 185
29 186
29 187
29 188
29 189
29 190
29 191
29 192
29 194
29 197
29 198
30 31
30 33
30 34
30 36
30 37
30 39
30 41
30 42
30 45
30 46
30 47
30 48
30 49
30 50
30 51
30 52
30 55
30 61
30 63
30 65
30 68
30 69
30 70
30 71
30 72
30 73
30 74
30 79
30 80
30 81
30 82
30 83
30 84
30 85
30 87
30 92
30 93
30 96
30 98
30 100
30 102
30 106
30 108
30 112
30 114
30 117
30 119
30 120
30 122
30 123
30 124
30 125
30 126
30 128
30 130
30 131
30 132
30 133
30 137
30 140
30 142
30 147
30 149
30 155
30 157
30 158
30 161
30 162
30 164
30 165
30 166
30 168
30 169
30 171
30 172
30 173
30 177
30 179
30 181
30 183
30 184
30 185
30 186
30 187
30 188
30 189
30 190
30 192
30 193
30 194
30 195
30 197
30 199
31 32
31 34
31 35
31 36
31 38
31 40
31 41
31 44
31 46
31 49
31 52
31 57
31 59
31 62
31 63
31 64
31 65
31 66
31 67
31 68
31 69
31 70
31 71
31 73
31 75
31 76
31 77
31 79
31 80
31 81
31 83
31 84
31 87
31 90
31 91
31 94
31 97
31 98
31 99
31 102
31 104
31 105
31 106
31 107
31 108
31 110
31 112
31 118
31 119
31 121
31 122
31 127
31 129
31 133
31 134
31 135
31 136
31 137
31 138
31 141
31 142
31 144
31 145
31 147
31 149
31 150
31 151
31 152
31 156
31 157
31 159
31 160
31 161
31 162
31 164
31 165
31 168
31 170
31 171
31 176
31 177
31 179
31 182
31 183
31 185
31 186
31 187
31 188
31 189
31 191
31 192
31 193
31 194
31 195
32 33
32 35
32 36
32 38
32 40
32 43
32 46
32 52
32 53
32 59
32 60
32 61
32 62
32 64
32 65
32 66
32 69
32 71
32 74
32 78
32 79
32 82
32 84
32 86
32 87
32 92
32 93
32 95
32 96
32 101
32 102
32 105
32 106
32 107
32 108
32 109
32 112
32 114
32 115
32 117
32 120
32 123
32 124
32 128
32 130
32 134
32 135
32 140
32 142
32 143
32 144
32 146
32 147
32 149
32 150
32 153
32 156
32 157
32 159
32 161
32 162
32 163
32 165
32 168
32 169
32 172
32 174
32 175
32 176
32 177
32 178
32 181
32 184
32 185
32 186
32 187
32 189
32 190
32 191
32 194
32 197
33 34
33 35
33 37
33 45
33 46
33 49
33 51
33 52
33 53
33 54
33 55
33 59
33 61
33 62
33 64
33 70
33 72
33 73
33 74
33 75
33 77
33 80
33 82
33 83
33 84
33 85
33 86
33 87
33 88
33 89
33 90
33 92
33 93
33 96
33 98
33 99
33 101
33 105
33 106
33 108
33 110
33 113
33 114
33 117
33 119
33 120
33 122
33 123
33 126
33 130
33 137
33 138
33 141
33 142
33 144
33 146
33 149
33 150
33 153
33 155
33 157
33 164
33 165
33 166
33 168
33 171
33 172
33 177
33 178
33 180
33 181
33 183
33 185
33 186
33 188
33 189
33 190
33 191
33 197
33 200
34 35
34 36
34 38
34 41
34 42
34 43
34 45
34 46
34 47
34 48
34 49
34 55
34 56
34 59
34 60
34 61
34 62
34 63
34 67
34 68
34 69
34 73
34 74
34 75
34 76
34 83
34 85
34 86
34 88
34 91
34 93
34 95
34 98
34 99
34 100
34 103
34 107
34 111
34 112
34 115
34 116
34 117
34 119
34 122
34 125
34 126
34 129
34 131
34 134
34 136
34 137
34 139
34 140
34 142
34 143
34 144
34 146
34 147
34 148
34 150
34 151
34 154
34 158
34 159
34 160
34 163
34 166
34 167
34 168
34 169
34 172
34 173
34 174
34 176
34 177
34 178
34 181
34 182
34 183
34 185
34 186
34 187
34 189
34 191
34 193
34 195
34 197
34 198
35 36
35 39
35 41
35 43
35 44
35 46
35 48
35 49
35 50
35 52
35 53
35 56
35 66
35 69
35 71
35 75
35 77
35 78
35 79
35 82
35 84
35 85
35 88
35 89
35 91
35 93
35 94
35 98
35 99
35 102
35 104
35 106
35 107
35 108
35 109
35 112
35 113
35 114
35 118
35 125
35 126
35 127
35 131
35 133
35 134
35 137
35 139
35 140
35 141
35 144
35 146
35 148
35 151
35 152
35 153
35 154
35 157
35 161
35 163
35 166
35 168
35 169
35 170
35 173
35 176
35 179
35 182
35 183
35 185
35 187
35 188
35 189
35 192
35 193
35 194
35 196
35 197
35 200
36 37
36 38
36 39
36 41
36 43
36 45
36 46
36 50
36 51
36 53
36 55
36 59
36 60
36 62
36 63
36 64
36 69
36 70
36 71
36 72
36 75
36 77
36 80
36 82
36 83
36 84
36 85
36 86
36 87
36 88
36 94
36 96
36 98
36 99
36 100
36 101
36 103
36 105
36 106
36 108
36 109
36 110
36 111
36 113
36 114
36 116
36 117
36 119
36 122
36 125
36 126
36 128
36 130
36 134
36 137
36 138
36 139
36 142
36 143
36 144
36 145
36 147
36 149
36 150
36 156
36 158
36 159
36 161
36 163
36 165
36 168
36 169
36 170
36 171
36 172
36 175
36 177
36 178
36 182
36 185
36 186
36 187
36 190
36 192
36 195
37 38
37 39
37 42
37 44
37 49
37 50
37 52
37 53
37 54
37 57
37 58
37 60
37 61
37 64
37 65
37 68
37 71
37 72
37 76
37 77
37 78
37 79
37 82
37 84
37 85
37 86
37 87
37 88
37 89
37 96
37 97
37 100
37 108
37 109
37 118
37 119
37 121
37 122
37 124
37 125
37 131
37 132
37 133
37 135
37 138
37 139
37 140
37 143
37 144
37 149
37 151
37 152
37 154
37 155
37 156
37 157
37 158
37 160
37 162
37 167
37 168
37 170
37 171
37 172
37 176
37 177
37 180
37 184
37 185
37 193
37 194
37 197
37 200
38 39
38 44
38 45
38 46
38 47
38 49
38 51
38 55
38 56
38 57
38 59
38 60
38 62
38 63
38 64
38 67
38 74
38 76
38 77
38 78
38 79
38 82
38 84
38 86
38 91
38 92
38 101
38 105
38 107
38 108
38 109
38 111
38 112
38 116
38 117
38 118
38 120
38 121
38 123
38 126
38 130
38 131
38 132
38 134
38 136
38 139
38 140
38 143
38 144
38 147
38 148
38 149
38 150
38 151
38 152
38 156
38 158
38 159
38 160
38 162
38 165
38 168
38 169
38 174
38 175
38 177
38 178
38 179
38 181
38 183
38 184
38 186
38 187
38 188
38 189
38 190
38 193
38 194
38 196
38 197
38 199
39 40
39 42
39 45
39 48
39 50
39 53
39 55
39 58
39 59
39 60
39 61
39 62
39 65
39 66
39 67
39 69
39 70
39 71
39 72
39 74
39 75
39 77
39 78
39 80
39 82
39 83
39 84
39 85
39 86
39 95
39 96
39 99
39 100
39 102
39 103
39 104
39 105
39 106
39 109
39 112
39 114
39 115
39 118
39 120
39 128
39 131
39 132
39 135
39 137
39 139
39 140
39 142
39 143
39 148
39 150
39 151
39 154
39 156
39 159
39 161
39 163
39 164
39 165
39 166
39 168
39 169
39 170
39 171
39 172
39 174
39 176
39 177
39 178
39 179
39 181
39 182
39 183
39 184
39 185
39 186
39 187
39 195
39 199
40 41
40 44
40 48
40 51
40 53
40 57
40 61
40 62
40 63
40 64
40 65
40 68
40 69
40 73
40 74
40 75
40 76
40 78
40 80
40 83
40 86
40 88
40 89
40 92
40 93
40 97
40 98
40 99
40 101
40 102
40 104
40 105
40 107
40 108
40 109
40 113
40 114
40 115
40 117
40 118
40 119
40 120
40 122
40 123
40 126
40 128
40 130
40 133
40 134
40 135
40 136
40 137
40 139
40 146
40 150
40 151
40 154
40 155
40 157
40 158
40 159
40 160
40 161
40 165
40 167
40 168
40 170
40 171
40 172
40 181
40 182
40 183
40 186
40 189
40 193
40 194
40 195
40 198
41 42
41 43
41 45
41 49
41 51
41 52
41 56
41 59
41 64
41 65
41 68
41 71
41 72
41 75
41 77
41 79
41 82
41 85
41 86
41 87
41 88
41 89
41 91
41 93
41 94
41 99
41 101
41 103
41 105
41 106
41 107
41 108
41 111
41 114
41 115
41 123
41 127
41 132
41 134
41 136
41 139
41 142
41 144
41 147
41 150
41 153
41 156
41 158
41 162
41 164
41 166
41 167
41 169
41 172
41 173
41 174
41 175
41 177
41 179
41 181
41 182
41 183
41 186
41 188
41 190
41 192
41 193
41 194
41 195
41 197
42 43
42 45
42 46
42 49
42 50
42 51
42 52
42 55
42 56
42 57
42 58
42 59
42 60
42 64
42 66
42 69
42 72
42 75
42 76
42 77
42 78
42 79
42 80
42 81
42 84
42 85
42 86
42 87
42 88
42 91
42 93
42 95
42 98
42 100
42 101
42 102
42 105
42 106
42 108
42 110
42 112
42 114
42 116
42 117
42 119
42 122
42 123
42 124
42 125
42 126
42 132
42 133
42 134
42 135
42 138
42 146
42 147
42 149
42 150
42 155
42 157
42 159
42 160
42 162
42 170
42 173
42 174
42 179
42 180
42 182
42 183
42 184
42 187
42 188
42 189
42 190
42 191
42 194
42 195
42 197
42 198
43 44
43 45
43 47
43 48
43 52
43 54
43 57
43 65
43 66
43 67
43 68
43 69
43 70
43 71
43 73
43 75
43 77
43 79
43 80
43 90
43 95
43 100
43 104
43 106
43 107
43 108
43 110
43 112
43 113
43 115
43 116
43 118
43 119
43 123
43 124
43 126
43 127
43 131
43 133
43 135
43 136
43 146
43 147
43 150
43 151
43 152
43 153
43 154
43 155
43 156
43 157
43 160
43 162
43 164
43 167
43 169
43 174
43 175
43 177
43 180
43 181
43 186
43 188
43 189
43 190
43 191
43 192
43 195
43 196
43 197
43 198
43 199
44 45
44 48
44 51
44 55
44 61
44 62
44 63
44 64
44 66
44 67
44 68
44 72
44 75
44 79
44 80
44 81
44 82
44 83
44 85
44 87
44 89
44 90
44 92
44 97
44 98
44 101
44 102
44 104
44 105
44 106
44 107
44 108
44 112
44 115
44 116
44 117
44 119
44 120
44 123
44 124
44 130
44 131
44 132
44 137
44 138
44 139
44 140
44 141
44 142
44 149
44 150
44 153
44 155
44 165
44 168
44 170
44 171
44 172
44 174
44 175
44 176
44 177
44 178
44 180
44 185
44 189
44 191
44 198
44 199
44 200
45 46
45 47
45 49
45 51
45 52
45 56
45 57
45 59
45 60
45 63
45 66
45 67
45 68
45 72
45 74
45 75
45 76
45 77
45 78
45 80
45 83
45 84
45 87
45 88
45 89
45 90
45 92
45 93
45 94
45 98
45 99
45 102
45 105
45 106
45 108
45 109
45 110
45 111
45 116
45 121
45 124
45 126
45 128
45 130
45 133
45 134
45 135
45 138
45 139
45 143
45 144
45 146
45 147
45 148
45 150
45 156
45 157
45 158
45 159
45 162
45 165
45 167
45 169
45 170
45 171
45 172
45 173
45 174
45 176
45 177
45 178
45 181
45 182
45 184
45 186
45 189
45 192
45 196
45 200
46 47
46 50
46 51
46 52
46 54
46 55
46 58
46 60
46 62
46 64
46 65
46 67
46 69
46 70
46 73
46 76
46 78
46 79
46 81
46 83
46 84
46 87
46 88
46 91
46 93
46 94
46 95
46 97
46 99
46 100
46 101
46 105
46 106
46 108
46 110
46 111
46 113
46 114
46 117
46 118
46 119
46 122
46 127
46 128
46 129
46 130
46 131
46 135
46 136
46 138
46 139
46 140
46 141
46 142
46 143
46 144
46 145
46 147
46 153
46 154
46 159
46 163
46 166
46 168
46 170
46 171
46 177
46 180
46 183
46 186
46 187
46 188
46 189
46 191
46 192
46 193
46 195
46 200
47 48
47 51
47 52
47 53
47 54
47 57
47 58
47 59
47 63
47 64
47 65
47 66
47 70
47 73
47 75
47 77
47 78
47 81
47 83
47 84
47 85
47 86
47 88
47 93
47 96
47 98
47 99
47 100
47 102
47 104
47 105
47 110
47 111
47 114
47 116
47 120
47 121
47 124
47 125
47 127
47 128
47 132
47 133
47 134
47 136
47 137
47 142
47 143
47 145
47 148
47 149
47 151
47 152
47 153
47 154
47 155
47 156
47 158
47 160
47 161
47 164
47 166
47 167
47 168
47 169
47 170
47 171
47 175
47 178
47 179
47 181
47 182
47 183
47 185
47 187
47 190
47 191
47 192
47 193
47 194
47 195
47 196
47 197
47 198
47 199
48 49
48 50
48 51
48 52
48 53
48 55
48 56
48 57
48 59
48 60
48 61
48 62
48 63
48 64
48 66
48 68
48 69
48 72
48 73
48 74
48 76
48 77
48 79
48 81
48 82
48 84
48 85
48 88
48 89
48 90
48 92
48 95
48 97
48 98
48 102
48 103
48 104
48 105
48 106
48 108
48 109
48 111
48 112
48 115
48 118
48 121
48 122
48 124
48 126
48 132
48 134
48 135
48 136
48 138
48 139
48 141
48 142
48 149
48 151
48 153
48 154
48 161
48 162
48 166
48 170
48 171
48 175
48 178
48 179
48 180
48 181
48 182
48 183
48 185
48 188
48 189
48 194
48 198
49 50
49 54
49 56
49 57
49 58
49 60
49 61
49 62
49 63
49 64
49 70
49 74
49 78
49 81
49 82
49 87
49 88
49 89
49 90
49 91
49 92
49 96
49 99
49 100
49 102
49 104
49 105
49 106
49 108
49 109
49 112
49 113
49 117
49 118
49 119
49 120
49 121
49 123
49 124
49 133
49 139
49 141
49 143
49 144
49 147
49 148
49 149
49 150
49 152
49 153
49 154
49 156
49 160
49 161
49 162
49 166
49 167
49 170
49 174
49 175
49 176
49 178
49 180
49 181
49 183
49 188
49 189
49 192
49 195
49 199
50 51
50 52
50 54
50 56
50 57
50 58
50 61
50 62
50 63
50 65
50 66
50 67
50 68
50 71
50 72
50 75
50 76
50 78
50 79
50 82
50 86
50 87
50 88
50 90
50 91
50 92
50 93
50 96
50 97
50 99
50 103
50 104
50 105
50 107
50 108
50 112
50 115
50 117
50 118
50 119
50 120
50 121
50 124
50 130
50 133
50 137
50 138
50 139
50 141
50 142
50 144
50 145
50 146
50 148
50 149
50 151
50 152
50 154
50 157
50 158
50 160
50 161
50 163
50 164
50 165
50 166
50 168
50 169
50 172
50 176
50 178
50 179
50 180
50 181
50 182
50 183
50 186
50 187
50 188
50 189
50 190
50 194
50 195
50 197
50 198
50 200
51 52
51 54
51 58
51 60
51 64
51 65
51 66
51 67
51 68
51 69
51 70
51 71
51 72
51 76
51 79
51 80
51 81
51 82
51 90
51 91
51 93
51 96
51 97
51 98
51 99
51 101
51 103
51 105
51 106
51 107
51 108
51 109
51 111
51 113
51 116
51 117
51 118
51 119
51 121
51 123
51 128
51 129
51 131
51 133
51 135
51 137
51 138
51 144
51 145
51 146
51 147
51 148
51 149
51 153
51 154
51 156
51 157
51 160
51 161
51 162
51 164
51 168
51 170
51 178
51 190
51 191
51 192
51 198
52 53
52 54
52 56
52 58
52 64
52 65
52 67
52 68
52 69
52 70
52 73
52 74
52 76
52 79
52 80
52 82
52 84
52 88
52 100
52 102
52 104
52 105
52 106
52 107
52 110
52 112
52 116
52 118
52 120
52 124
52 126
52 131
52 132
52 137
52 138
52 139
52 142
52 145
52 146
52 147
52 150
52 152
52 153
52 158
52 159
52 160
52 161
52 162
52 163
52 165
52 168
52 171
52 172
52 174
52 175
52 176
52 179
52 181
52 183
52 185
52 186
52 187
52 190
52 191
52 192
52 193
52 194
52 195
52 197
52 198
52 199
53 54
53 55
53 56
53 58
53 63
53 64
53 66
53 69
53 71
53 72
53 73
53 74
53 75
53 78
53 79
53 82
53 83
53 84
53 90
53 91
53 93
53 94
53 96
53 97
53 100
53 101
53 103
53 104
53 105
53 106
53 107
53 109
53 113
53 117
53 119
53 120
53 121
53 123
53 127
53 128
53 130
53 131
53 132
53 133
53 139
53 141
53 142
53 143
53 145
53 146
53 148
53 150
53 152
53 154
53 157
53 158
53 159
53 164
53 166
53 167
53 169
53 171
53 172
53 175
53 176
53 177
53 178
53 179
53 180
53 183
53 189
53 190
53 192
53 193
53 194
53 199
54 55
54 56
54 57
54 58
54 59
54 60
54 62
54 64
54 69
54 72
54 75
54 76
54 77
54 80
54 81
54 82
54 85
54 88
54 89
54 90
54 91
54 92
54 93
54 95
54 97
54 99
54 106
54 110
54 111
54 114
54 119
54 121
54 129
54 130
54 131
54 135
54 136
54 140
54 141
54 142
54 147
54 148
54 152
54 156
54 157
54 159
54 160
54 162
54 166
54 173
54 177
54 180
54 181
54 182
54 185
54 188
54 190
54 191
54 192
54 193
54 194
54 198
54 199
54 200
55 56
55 57
55 61
55 64
55 68
55 71
55 72
55 73
55 74
55 77
55 79
55 80
55 81
55 84
55 88
55 89
55 90
55 91
55 93
55 94
55 95
55 97
55 99
55 101
55 102
55 104
55 106
55 108
55 110
55 111
55 112
55 113
55 115
55 117
55 118
55 119
55 121
55 122
55 124
55 125
55 127
55 128
55 129
55 130
55 131
55 134
55 135
55 138
55 141
55 142
55 143
55 145
55 147
55 150
55 156
55 157
55 161
55 162
55 164
55 166
55 169
55 170
55 171
55 173
55 175
55 176
55 179
55 180
55 181
55 183
55 184
55 186
55 187
55 192
55 193
55 195
55 196
55 198
55 199
55 200
56 57
56 65
56 67
56 69
56 71
56 72
56 74
56 75
56 78
56 79
56 81
56 83
56 84
56 85
56 88
56 89
56 90
56 91
56 92
56 94
56 95
56 97
56 103
56 104
56 106
56 107
56 109
56 110
56 111
56 112
56 113
56 114
56 116
56 117
56 119
56 120
56 121
56 123
56 125
56 128
56 130
56 135
56 136
56 141
56 144
56 145
56 148
56 149
56 150
56 151
56 154
56 155
56 156
56 159
56 161
56 163
56 164
56 166
56 167
56 168
56 171
56 175
56 178
56 180
56 181
56 183
56 184
56 186
56 187
56 188
56 190
56 191
56 192
56 193
56 196
56 198
57 58
57 60
57 61
57 62
57 65
57 66
57 70
57 71
57 73
57 76
57 80
57 81
57 82
57 86
57 88
57 90
57 92
57 95
57 96
57 97
57 101
57 102
57 105
57 106
57 108
57 109
57 113
57 115
57 116
57 117
57 120
57 121
57 124
57 125
57 129
57 132
57 134
57 135
57 137
57 139
57 140
57 141
57 142
57 143
57 144
57 148
57 150
57 152
57 153
57 154
57 157
57 159
57 160
57 164
57 166
57 167
57 169
57 170
57 171
57 174
57 179
57 180
57 181
57 183
57 186
57 188
57 192
57 193
57 194
57 195
57 197
57 198
58 59
58 62
58 64
58 66
58 69
58 74
58 77
58 79
58 80
58 81
58 83
58 86
58 88
58 89
58 93
58 94
58 99
58 101
58 106
58 108
58 109
58 113
58 114
58 117
58 118
58 119
58 120
58 121
58 124
58 127
58 129
58 130
58 131
58 132
58 136
58 140
58 143
58 145
58 146
58 147
58 148
58 149
58 150
58 151
58 152
58 155
58 156
58 158
58 160
58 162
58 163
58 166
58 169
58 170
58 172
58 174
58 177
58 179
58 180
58 181
58 182
58 184
58 185
58 186
58 188
58 189
58 190
58 197
58 199
59 60
59 63
59 64
59 65
59 68
59 70
59 71
59 72
59 74
59 78
59 79
59 80
59 81
59 82
59 84
59 85
59 87
59 88
59 89
59 91
59 92
59 93
59 97
59 101
59 104
59 108
59 110
59 111
59 113
59 114
59 116
59 117
59 120
59 121
59 126
59 127
59 130
59 131
59 132
59 133
59 134
59 135
59 138
59 139
59 141
59 145
59 152
59 153
59 155
59 156
59 160
59 163
59 164
59 167
59 169
59 172
59 176
59 177
59 179
59 182
59 183
59 187
59 191
59 192
59 194
59 196
59 197
60 61
60 66
60 67
60 68
60 75
60 76
60 77
60 79
60 81
60 84
60 87
60 89
60 90
60 91
60 92
60 93
60 94
60 95
60 99
60 100
60 101
60 103
60 109
60 110
60 114
60 116
60 118
60 121
60 122
60 125
60 127
60 128
60 130
60 131
60 132
60 134
60 135
60 137
60 138
60 140
60 143
60 148
60 150
60 151
60 152
60 155
60 159
60 160
60 161
60 163
60 166
60 169
60 170
60 172
60 173
60 175
60 176
60 177
60 178
60 180
60 181
60 182
60 185
60 186
60 188
60 190
60 192
60 193
60 194
60 196
60 199
61 62
61 64
61 67
61 68
61 70
61 73
61 75
61 78
61 80
61 83
61 84
61 86
61 87
61 89
61 91
61 92
61 95
61 97
61 100
61 101
61 102
61 104
61 105
61 106
61 112
61 118
61 119
61 121
61 122
61 125
61 127
61 128
61 129
61 133
61 134
61 137
61 139
61 140
61 141
61 142
61 143
61 144
61 147
61 149
61 150
61 154
61 156
61 157
61 161
61 162
61 164
61 165
61 166
61 168
61 169
61 170
61 173
61 174
61 176
61 178
61 179
61 181
61 182
61 183
61 185
61 190
61 192
61 194
61 195
61 197
62 63
62 69
62 70
62 72
62 74
62 78
62 80
62 83
62 85
62 86
62 88
62 89
62 90
62 91
62 93
62 94
62 95
62 98
62 100
62 102
62 103
62 104
62 105
62 106
62 109
62 110
62 112
62 114
62 115
62 117
62 118
62 119
62 126
62 129
62 130
62 131
62 135
62 137
62 139
62 142
62 146
62 147
62 149
62 150
62 153
62 155
62 157
62 158
62 160
62 161
62 163
62 167
62 168
62 170
62 172
62 174
62 176
62 179
62 180
62 181
62 185
62 187
62 188
62 189
62 190
62 192
62 193
62 194
62 197
62 198
62 199
62 200
63 64
63 65
63 66
63 68
63 69
63 71
63 72
63 73
63 75
63 77
63 78
63 79
63 82
63 84
63 89
63 91
63 92
63 93
63 95
63 99
63 103
63 105
63 107
63 115
63 116
63 117
63 118
63 121
63 129
63 131
63 136
63 137
63 139
63 140
63 141
63 143
63 148
63 149
63 150
63 151
63 154
63 155
63 156
63 157
63 161
63 162
63 163
63 164
63 166
63 167
63 168
63 170
63 172
63 173
63 174
63 176
63 179
63 181
63 183
63 184
63 185
63 189
63 190
63 191
63 192
63 195
63 196
63 199
63 200
64 65
64 66
64 68
64 69
64 72
64 73
64 76
64 81
64 85
64 86
64 87
64 88
64 90
64 94
64 95
64 97
64 98
64 101
64 105
64 107
64 112
64 113
64 114
64 115
64 116
64 118
64 119
64 120
64 121
64 123
64 128
64 129
64 130
64 132
64 133
64 137
64 138
64 141
64 144
64 150
64 153
64 154
64 155
64 156
64 160
64 161
64 165
64 167
64 168
64 169
64 170
64 171
64 174
64 176
64 177
64 184
64 185
64 186
64 192
64 193
64 195
64 197
65 66
65 70
65 72
65 73
65 74
65 75
65 78
65 79
65 80
65 82
65 85
65 86
65 88
65 89
65 91
65 93
65 94
65 96
65 97
65 98
65 100
65 101
65 104
65 105
65 107
65 110
65 112
65 113
65 114
65 124
65 125
65 127
65 128
65 134
65 135
65 137
65 139
65 143
65 146
65 148
65 149
65 150
65 152
65 154
65 155
65 157
65 160
65 166
65 167
65 168
65 169
65 172
65 173
65 176
65 177
65 178
65 180
65 182
65 184
65 187
65 192
65 193
65 195
65 197
65 198
66 67
66 70
66 71
66 74
66 75
66 76
66 78
66 80
66 83
66 84
66 86
66 89
66 90
66 93
66 97
66 98
66 100
66 104
66 105
66 108
66 110
66 114
66 117
66 119
66 120
66 121
66 122
66 123
66 124
66 125
66 131
66 133
66 136
66 137
66 138
66 139
66 140
66 141
66 142
66 144
66 148
66 151
66 153
66 156
66 157
66 160
66 161
66 162
66 164
66 166
66 167
66 168
66 172
66 173
66 177
66 179
66 180
66 181
66 185
66 186
66 187
66 188
66 191
66 196
66 198
66 200
67 68
67 72
67 74
67 75
67 76
67 77
67 79
67 80
67 82
67 83
67 89
67 90
67 92
67 94
67 95
67 96
67 97
67 98
67 101
67 103
67 104
67 105
67 106
67 109
67 110
67 111
67 112
67 116
67 117
67 119
67 120
67 122
67 124
67 125
67 127
67 130
67 131
67 134
67 135
67 136
67 138
67 139
67 140
67 141
67 144
67 145
67 146
67 147
67 149
67 150
67 151
67 153
67 154
67 155
67 157
67 158
67 162
67 163
67 165
67 168
67 172
67 173
67 174
67 176
67 177
67 178
67 179
67 185
67 187
67 188
67 189
67 190
67 194
67 195
67 196
67 197
67 198
67 199
68 69
68 70
68 72
68 74
68 75
68 76
68 80
68 81
68 82
68 83
68 85
68 86
68 87
68 88
68 90
68 91
68 92
68 94
68 96
68 98
68 100
68 103
68 105
68 107
68 108
68 112
68 113
68 115
68 116
68 119
68 124
68 125
68 127
68 129
68 130
68 131
68 132
68 136
68 139
68 140
68 142
68 143
68 149
68 150
68 152
68 155
68 156
68 158
68 159
68 160
68 161
68 162
68 165
68 166
68 170
68 173
68 174
68 176
68 178
68 179
68 182
68 183
68 185
68 186
68 190
68 191
68 193
68 194
68 198
68 199
68 200
69 70
69 72
69 75
69 77
69 78
69 79
69 80
69 82
69 84
69 88
69 92
69 94
69 95
69 97
69 99
69 103
69 110
69 115
69 116
69 117
69 118
69 120
69 124
69 125
69 126
69 127
69 128
69 129
69 130
69 131
69 135
69 136
69 138
69 139
69 140
69 146
69 149
69 150
69 151
69 153
69 154
69 156
69 157
69 159
69 164
69 165
69 170
69 171
69 172
69 174
69 175
69 176
69 178
69 182
69 186
69 189
69 191
69 192
69 193
69 195
69 197
69 198
69 200
70 71
70 72
70 73
70 75
70 76
70 79
70 82
70 88
70 89
70 90
70 94
70 95
70 96
70 98
70 99
70 100
70 102
70 104
70 105
70 109
70 110
70 113
70 118
70 120
70 121
70 124
70 125
70 127
70 128
70 129
70 130
70 133
70 135
70 140
70 147
70 150
70 153
70 156
70 157
70 160
70 162
70 168
70 170
70 171
70 174
70 180
70 181
70 183
70 186
70 187
70 189
70 190
70 192
70 195
71 72
71 76
71 77
71 80
71 83
71 85
71 86
71 89
71 91
71 92
71 93
71 94
71 95
71 97
71 99
71 100
71 101
71 102
71 103
71 107
71 108
71 111
71 114
71 116
71 119
71 121
71 122
71 123
71 124
71 126
71 128
71 129
71 131
71 133
71 135
71 136
71 137
71 138
71 141
71 145
71 147
71 151
71 152
71 155
71 156
71 158
71 162
71 163
71 165
71 167
71 171
71 172
71 174
71 178
71 179
71 180
71 182
71 185
71 187
71 192
71 196
71 197
71 198
72 73
72 75
72 77
72 80
72 81
72 82
72 83
72 87
72 88
72 91
72 95
72 96
72 98
72 99
72 101
72 106
72 107
72 109
72 110
72 116
72 118
72 119
72 120
72 121
72 122
72 123
72 124
72 127
72 130
72 135
72 139
72 142
72 144
72 145
72 146
72 148
72 158
72 159
72 161
72 162
72 163
72 165
72 167
72 170
72 171
72 175
72 176
72 178
72 179
72 186
72 188
72 189
72 190
72 192
72 193
72 194
72 195
72 197
73 74
73 80
73 84
73 85
73 87
73 88
73 90
73 92
73 95
73 96
73 98
73 102
73 107
73 109
73 119
73 123
73 125
73 126
73 127
73 129
73 130
73 131
73 132
73 133
73 134
73 135
73 137
73 139
73 140
73 141
73 148
73 152
73 153
73 155
73 157
73 159
73 160
73 161
73 162
73 163
73 166
73 168
73 169
73 172
73 173
73 174
73 176
73 178
73 180
73 183
73 184
73 186
73 191
73 192
73 193
73 194
73 196
73 199
74 75
74 76
74 77
74 79
74 84
74 87
74 88
74 98
74 103
74 105
74 110
74 111
74 112
74 115
74 116
74 120
74 122
74 124
74 129
74 131
74 133
74 135
74 138
74 140
74 141
74 143
74 146
74 147
74 148
74 151
74 152
74 155
74 157
74 158
74 159
74 161
74 162
74 163
74 164
74 167
74 170
74 175
74 176
74 179
74 181
74 182
74 186
74 187
74 188
74 190
74 192
74 193
74 195
74 196
75 76
75 78
75 79
75 80
75 82
75 88
75 89
75 91
75 92
75 94
75 97
75 98
75 100
75 101
75 102
75 103
75 104
75 105
75 106
75 107
75 113
75 114
75 116
75 117
75 122
75 123
75 128
75 129
75 130
75 132
75 133
75 137
75 138
75 139
75 143
75 144
75 145
75 148
75 151
75 152
75 162
75 164
75 169
75 170
75 171
75 174
75 175
75 177
75 179
75 181
75 187
75 188
75 189
75 190
75 195
75 197
75 198
76 77
76 79
76 80
76 82
76 83
76 84
76 85
76 90
76 91
76 97
76 98
76 99
76 100
76 102
76 104
76 105
76 106
76 107
76 108
76 109
76 110
76 112
76 113
76 114
76 115
76 120
76 123
76 124
76 125
76 126
76 130
76 132
76 134
76 138
76 139
76 140
76 143
76 144
76 145
76 147
76 149
76 150
76 153
76 154
76 155
76 156
76 157
76 158
76 159
76 161
76 162
76 164
76 166
76 167
76 168
76 170
76 174
76 176
76 182
76 184
76 187
76 188
76 190
76 192
76 195
76 196
76 198
76 200
77 78
77 85
77 87
77 88
77 89
77 91
77 94
77 95
77 97
77 101
77 105
77 106
77 108
77 111
77 113
77 115
77 119
77 120
77 122
77 123
77 127
77 130
77 132
77 133
77 134
77 139
77 142
77 144
77 145
77 146
77 148
77 150
77 152
77 153
77 154
77 155
77 156
77 157
77 159
77 160
77 161
77 165
77 166
77 167
77 168
77 169
77 172
77 173
77 174
77 180
77 181
77 185
77 187
77 188
77 189
77 190
77 191
77 198
77 199
77 200
78 79
78 82
78 85
78 87
78 89
78 92
78 95
78 100
78 102
78 103
78 106
78 107
78 115
78 116
78 120
78 125
78 126
78 127
78 129
78 134
78 140
78 141
78 143
78 145
78 146
78 147
78 148
78 151
78 152
78 157
78 158
78 161
78 162
78 163
78 167
78 173
78 175
78 177
78 178
78 179
78 180
78 182
78 184
78 189
78 190
78 192
78 193
78 194
78 195
79 80
79 81
79 84
79 86
79 87
79 88
79 91
79 92
79 93
79 94
79 95
79 96
79 98
79 99
79 101
79 102
79 108
79 110
79 111
79 115
79 116
79 119
79 120
79 121
79 124
79 125
79 126
79 127
79 131
79 136
79 137
79 141
79 142
79 144
79 145
79 147
79 149
79 152
79 153
79 156
79 157
79 158
79 159
79 161
79 162
79 164
79 165
79 166
79 170
79 171
79 173
79 176
79 178
79 180
79 182
79 183
79 184
79 186
79 187
79 189
79 193
79 194
79 196
79 197
79 199
79 200
80 81
80 82
80 83
80 84
80 87
80 89
80 92
80 93
80 95
80 96
80 97
80 99
80 103
80 105
80 106
80 108
80 110
80 112
80 113
80 114
80 115
80 116
80 117
80 118
80 119
80 120
80 121
80 123
80 124
80 125
80 126
80 128
80 130
80 132
80 133
80 136
80 139
80 143
80 144
80 146
80 148
80 151
80 152
80 154
80 156
80 158
80 160
80 162
80 163
80 166
80 167
80 168
80 169
80 171
80 173
80 174
80 175
80 178
80 182
80 187
80 189
80 192
80 194
80 196
80 198
81 82
81 84
81 85
81 86
81 87
81 97
81 99
81 102
81 103
81 104
81 105
81 108
81 109
81 112
81 113
81 115
81 116
81 117
81 119
81 120
81 129
81 132
81 133
81 134
81 135
81 137
81 138
81 139
81 140
81 144
81 147
81 148
81 149
81 152
81 153
81 154
81 156
81 157
81 158
81 159
81 161
81 165
81 166
81 168
81 169
81 174
81 175
81 181
81 182
81 185
81 186
81 189
81 190
81 192
81 193
81 195
81 196
81 197
82 83
82 86
82 88
82 93
82 94
82 95
82 99
82 100
82 102
82 104
82 106
82 110
82 111
82 112
82 113
82 116
82 119
82 121
82 122
82 123
82 131
82 133
82 134
82 135
82 136
82 137
82 138
82 139
82 140
82 141
82 144
82 145
82 147
82 148
82 149
82 150
82 151
82 152
82 155
82 157
82 158
82 160
82 161
82 163
82 165
82 169
82 172
82 175
82 177
82 179
82 182
82 183
82 184
82 185
82 189
82 190
82 194
82 198
83 84
83 85
83 88
83 91
83 92
83 98
83 99
83 101
83 102
83 104
83 105
83 106
83 107
83 108
83 109
83 110
83 111
83 112
83 113
83 118
83 119
83 122
83 123
83 125
83 126
83 127
83 128
83 130
83 133
83 135
83 136
83 137
83 139
83 144
83 145
83 146
83 148
83 150
83 151
83 152
83 156
83 160
83 161
83 162
83 164
83 166
83 167
83 169
83 171
83 174
83 178
83 181
83 183
83 184
83 185
83 186
83 192
83 194
83 195
83 196
83 199
84 85
84 87
84 91
84 93
84 94
84 97
84 98
84 99
84 104
84 106
84 107
84 108
84 109
84 110
84 114
84 115
84 118
84 121
84 122
84 124
84 126
84 128
84 130
84 134
84 136
84 139
84 142
84 143
84 146
84 147
84 148
84 153
84 155
84 157
84 158
84 162
84 163
84 164
84 165
84 168
84 169
84 170
84 171
84 173
84 175
84 177
84 179
84 183
84 187
84 189
84 190
84 192
84 195
84 197
85 86
85 87
85 89
85 90
85 91
85 93
85 97
85 98
85 100
85 103
85 105
85 108
85 109
85 111
85 116
85 117
85 118
85 120
85 123
85 126
85 127
85 129
85 131
85 133
85 134
85 138
85 140
85 153
85 154
85 155
85 157
85 158
85 159
85 161
85 165
85 167
85 170
85 173
85 174
85 176
85 177
85 178
85 180
85 181
85 185
85 186
85 189
85 191
85 192
85 193
85 194
85 195
85 197
85 198
85 200
86 87
86 89
86 90
86 91
86 92
86 93
86 94
86 97
86 98
86 99
86 105
86 110
86 113
86 114
86 115
86 116
86 118
86 119
86 120
86 121
86 122
86 126
86 127
86 130
86 131
86 132
86 133
86 134
86 136
86 137
86 141
86 143
86 144
86 145
86 146
86 147
86 148
86 149
86 152
86 156
86 158
86 160
86 161
86 162
86 163
86 164
86 165
86 166
86 168
86 170
86 171
86 172
86 175
86 177
86 182
86 185
86 187
86 190
86 191
86 195
86 196
86 197
86 200
87 88
87 89
87 90
87 92
87 93
87 94
87 95
87 97
87 98
87 100
87 101
87 102
87 103
87 104
87 105
87 107
87 108
87 110
87 111
87 112
87 115
87 116
87 120
87 122
87 124
87 129
87 132
87 133
87 134
87 136
87 139
87 140
87 143
87 144
87 145
87 149
87 151
87 155
87 158
87 160
87 162
87 167
87 169
87 171
87 173
87 174
87 176
87 177
87 178
87 179
87 180
87 183
87 186
87 187
87 188
87 190
87 192
87 193
87 195
87 196
87 197
87 198
87 199
87 200
88 89
88 90
88 91
88 92
88 95
88 96
88 98
88 100
88 105
88 107
88 108
88 109
88 112
88 115
88 117
88 121
88 123
88 125
88 128
88 130
88 131
88 136
88 140
88 143
88 145
88 146
88 149
88 152
88 154
88 155
88 156
88 158
88 159
88 161
88 162
88 163
88 164
88 165
88 166
88 167
88 171
88 177
88 178
88 180
88 181
88 182
88 184
88 185
88 193
88 194
88 195
88 197
88 200
89 90
89 93
89 97
89 98
89 99
89 101
89 102
89 106
89 108
89 110
89 112
89 113
89 115
89 117
89 118
89 119
89 121
89 122
89 124
89 125
89 127
89 128
89 130
89 131
89 133
89 135
89 136
89 137
89 140
89 141
89 142
89 144
89 148
89 149
89 152
89 153
89 154
89 155
89 157
89 158
89 160
89 161
89 165
89 166
89 171
89 172
89 176
89 177
89 178
89 179
89 183
89 185
89 188
89 190
89 191
89 192
89 193
89 195
89 196
89 200
90 91
90 94
90 96
90 99
90 100
90 101
90 105
90 106
90 107
90 108
90 110
90 111
90 113
90 114
90 115
90 117
90 118
90 119
90 128
90 133
90 134
90 141
90 142
90 143
90 144
90 145
90 148
90 149
90 152
90 155
90 157
90 158
90 159
90 161
90 163
90 165
90 166
90 169
90 170
90 171
90 172
90 175
90 178
90 185
90 189
90 190
90 192
90 195
91 92
91 96
91 98
91 102
91 103
91 104
91 105
91 107
91 108
91 109
91 110
91 113
91 114
91 115
91 116
91 117
91 119
91 120
91 121
91 122
91 123
91 125
91 126
91 128
91 130
91 132
91 133
91 138
91 139
91 140
91 144
91 145
91 147
91 148
91 149
91 150
91 151
91 152
91 154
91 155
91 159
91 160
91 161
91 163
91 167
91 169
91 171
91 175
91 176
91 179
91 182
91 183
91 186
91 190
91 191
91 193
91 194
91 198
92 93
92 98
92 99
92 101
92 102
92 104
92 109
92 112
92 114
92 115
92 118
92 120
92 122
92 125
92 126
92 130
92 133
92 134
92 135
92 136
92 137
92 139
92 140
92 141
92 142
92 147
92 148
92 152
92 154
92 156
92 158
92 160
92 162
92 163
92 164
92 173
92 176
92 177
92 179
92 180
92 185
92 186
92 187
92 188
92 190
92 191
92 195
92 196
92 197
93 94
93 95
93 96
93 97
93 98
93 102
93 104
93 108
93 111
93 112
93 114
93 115
93 116
93 117
93 120
93 121
93 124
93 125
93 126
93 127
93 133
93 134
93 135
93 139
93 140
93 143
93 145
93 146
93 147
93 148
93 150
93 151
93 152
93 154
93 155
93 157
93 159
93 161
93 165
93 166
93 167
93 168
93 169
93 170
93 176
93 177
93 179
93 180
93 181
93 182
93 183
93 184
93 185
93 189
93 192
93 193
93 195
93 197
94 95
94 96
94 98
94 103
94 104
94 105
94 106
94 107
94 109
94 111
94 112
94 113
94 116
94 117
94 118
94 119
94 120
94 123
94 125
94 126
94 129
94 132
94 133
94 136
94 137
94 143
94 145
94 149
94 152
94 153
94 155
94 158
94 159
94 160
94 161
94 162
94 165
94 166
94 168
94 170
94 171
94 172
94 173
94 174
94 176
94 177
94 179
94 180
94 185
94 187
94 191
94 193
94 194
94 198
95 96
95 99
95 101
95 103
95 105
95 106
95 109
95 111
95 112
95 114
95 118
95 122
95 123
95 127
95 128
95 129
95 130
95 131
95 135
95 137
95 138
95 139
95 141
95 142
95 146
95 148
95 149
95 152
95 153
95 156
95 158
95 160
95 161
95 167
95 169
95 170
95 171
95 172
95 174
95 175
95 178
95 179
95 181
95 182
95 185
95 188
95 192
95 193
95 196
95 197
95 199
96 97
96 98
96 101
96 104
96 105
96 106
96 107
96 111
96 114
96 116
96 117
96 118
96 119
96 122
96 123
96 129
96 131
96 132
96 139
96 144
96 146
96 147
96 148
96 150
96 152
96 153
96 159
96 163
96 165
96 166
96 167
96 170
96 171
96 172
96 173
96 174
96 176
96 177
96 179
96 180
96 181
96 182
96 185
96 186
96 187
96 188
96 189
96 190
96 192
96 193
96 194
96 196
96 199
97 98
97 99
97 100
97 102
97 103
97 105
97 108
97 114
97 115
97 116
97 117
97 119
97 120
97 122
97 125
97 127
97 128
97 129
97 130
97 131
97 133
97 136
97 137
97 138
97 139
97 140
97 141
97 142
97 144
97 146
97 147
97 148
97 150
97 151
97 152
97 153
97 156
97 158
97 159
97 164
97 165
97 166
97 167
97 168
97 169
97 172
97 173
97 176
97 177
97 178
97 179
97 181
97 182
97 184
97 185
97 186
97 187
97 189
97 192
97 194
97 195
97 197
97 198
97 199
97 200
98 99
98 100
98 101
98 102
98 105
98 110
98 111
98 112
98 116
98 117
98 118
98 120
98 121
98 124
98 128
98 131
98 132
98 133
98 135
98 138
98 141
98 143
98 144
98 145
98 146
98 147
98 148
98 149
98 154
98 156
98 157
98 158
98 159
98 162
98 164
98 167
98 171
98 174
98 178
98 186
98 188
98 194
98 195
98 196
98 197
99 100
99 103
99 105
99 107
99 108
99 109
99 110
99 111
99 114
99 117
99 121
99 123
99 124
99 128
99 130
99 131
99 132
99 133
99 134
99 135
99 138
99 139
99 142
99 143
99 145
99 146
99 151
99 152
99 157
99 158
99 159
99 161
99 163
99 165
99 167
99 170
99 172
99 177
99 178
99 180
99 182
99 188
99 190
99 191
99 193
99 196
99 198
99 200
100 101
100 102
100 104
100 106
100 107
100 109
100 110
100 112
100 115
100 117
100 118
100 119
100 122
100 124
100 125
100 126
100 128
100 129
100 132
100 134
100 135
100 136
100 143
100 144
100 145
100 146
100 147
100 148
100 149
100 153
100 154
100 156
100 158
100 162
100 164
100 168
100 171
100 172
100 176
100 177
100 179
100 180
100 181
100 185
100 186
100 188
100 190
100 191
100 194
100 196
100 197
100 198
100 199
101 102
101 103
101 104
101 106
101 107
101 108
101 114
101 115
101 116
101 119
101 121
101 123
101 124
101 125
101 127
101 130
101 131
101 132
101 135
101 137
101 138
101 144
101 145
101 148
101 149
101 150
101 157
101 158
101 159
101 162
101 163
101 165
101 167
101 169
101 170
101 171
101 175
101 178
101 179
101 180
101 181
101 184
101 185
101 186
101 187
101 188
101 189
101 190
101 194
101 195
101 196
101 197
101 198
101 200
102 103
102 104
102 105
102 109
102 110
102 116
102 117
102 118
102 120
102 122
102 124
102 126
102 127
102 128
102 129
102 131
102 132
102 133
102 134
102 136
102 137
102 138
102 139
102 143
102 145
102 146
102 147
102 153
102 154
102 155
102 156
102 157
102 158
102 160
102 161
102 165
102 166
102 167
102 171
102 173
102 174
102 175
102 176
102 177
102 179
102 181
102 182
102 183
102 187
102 188
102 189
102 190
102 192
102 194
102 196
102 199
103 104
103 105
103 106
103 107
103 109
103 110
103 111
103 113
103 118
103 120
103 121
103 122
103 125
103 127
103 129
103 130
103 132
103 133
103 134
103 136
103 137
103 138
103 139
103 140
103 142
103 144
103 146
103 147
103 149
103 151
103 152
103 156
103 158
103 162
103 163
103 164
103 166
103 169
103 171
103 172
103 174
103 175
103 176
103 179
103 180
103 183
103 184
103 187
103 188
103 191
103 197
103 198
104 105
104 106
104 109
104 114
104 115
104 117
104 120
104 121
104 123
104 124
104 125
104 126
104 127
104 128
104 129
104 132
104 134
104 138
104 140
104 141
104 142
104 144
104 147
104 149
104 151
104 152
104 155
104 156
104 157
104 160
104 162
104 165
104 166
104 167
104 168
104 172
104 174
104 178
104 179
104 180
104 182
104 183
104 186
104 187
104 189
104 194
104 197
105 106
105 108
105 112
105 113
105 114
105 115
105 116
105 117
105 118
105 119
105 121
105 123
105 124
105 125
105 127
105 128
105 133
105 134
105 135
105 142
105 144
105 146
105 147
105 152
105 154
105 156
105 157
105 159
105 160
105 162
105 164
105 166
105 169
105 170
105 171
105 173
105 174
105 175
105 177
105 178
105 180
105 182
105 183
105 185
105 188
105 191
105 193
105 194
105 195
105 196
105 197
105 198
105 199
106 107
106 113
106 115
106 116
106 119
106 120
106 121
106 122
106 130
106 131
106 133
106 134
106 135
106 136
106 137
106 139
106 140
106 142
106 143
106 145
106 147
106 148
106 152
106 154
106 158
106 161
106 162
106 163
106 164
106 166
106 169
106 171
106 172
106 175
106 177
106 178
106 180
106 183
106 184
106 186
106 187
106 190
106 192
106 197
107 108
107 109
107 110
107 112
107 113
107 114
107 115
107 116
107 117
107 118
107 119
107 120
107 121
107 122
107 123
107 124
107 132
107 133
107 135
107 138
107 139
107 142
107 143
107 144
107 146
107 147
107 155
107 156
107 157
107 163
107 164
107 166
107 168
107 169
107 173
107 174
107 178
107 179
107 185
107 188
107 189
107 191
107 193
107 194
107 195
107 196
107 199
108 109
108 111
108 112
108 113
108 117
108 120
108 121
108 122
108 123
108 124
108 126
108 128
108 129
108 130
108 131
108 132
108 135
108 139
108 140
108 141
108 143
108 144
108 145
108 146
108 148
108 151
108 157
108 159
108 160
108 162
108 163
108 166
108 168
108 172
108 176
108 177
108 179
108 180
108 182
108 183
108 184
108 186
108 187
108 188
108 192
108 193
108 195
108 197
108 198
108 199
109 110
109 111
109 112
109 115
109 116
109 118
109 119
109 122
109 125
109 126
109 129
109 130
109 134
109 140
109 144
109 145
109 146
109 147
109 149
109 150
109 151
109 153
109 156
109 158
109 160
109 161
109 168
109 175
109 178
109 180
109 181
109 184
109 187
109 194
109 197
109 199
110 111
110 112
110 113
110 117
110 118
110 123
110 125
110 127
110 128
110 130
110 131
110 135
110 136
110 139
110 143
110 146
110 147
110 148
110 150
110 155
110 158
110 159
110 160
110 161
110 162
110 163
110 165
110 167
110 169
110 170
110 172
110 181
110 182
110 183
110 184
110 187
110 188
110 192
110 194
110 197
110 198
110 199
111 112
111 114
111 117
111 118
111 119
111 122
111 124
111 126
111 127
111 128
111 129
111 130
111 131
111 137
111 138
111 139
111 143
111 144
111 145
111 147
111 148
111 152
111 155
111 157
111 158
111 160
111 163
111 165
111 169
111 173
111 175
111 177
111 178
111 180
111 181
111 182
111 184
111 185
111 187
111 188
111 189
111 190
111 191
111 193
111 198
112 113
112 115
112 116
112 118
112 119
112 121
112 127
112 130
112 131
112 135
112 137
112 138
112 139
112 141
112 143
112 144
112 145
112 147
112 149
112 154
112 155
112 156
112 160
112 162
112 164
112 165
112 167
112 169
112 170
112 172
112 174
112 177
112 178
112 180
112 181
112 184
112 186
112 188
112 189
112 191
112 192
112 193
112 194
112 195
112 196
112 197
113 114
113 115
113 117
113 118
113 121
113 122
113 126
113 127
113 129
113 130
113 132
113 133
113 134
113 135
113 137
113 139
113 142
113 143
113 145
113 146
113 148
113 150
113 151
113 152
113 153
113 155
113 159
113 160
113 161
113 162
113 163
113 164
113 165
113 173
113 175
113 177
113 178
113 180
113 181
113 182
113 184
113 185
113 186
113 189
113 191
113 196
113 197
114 115
114 117
114 118
114 119
114 120
114 121
114 122
114 125
114 128
114 130
114 132
114 133
114 134
114 135
114 138
114 139
114 146
114 149
114 152
114 153
114 154
114 155
114 157
114 159
114 160
114 161
114 164
114 172
114 175
114 176
114 178
114 182
114 183
114 184
114 186
114 189
114 190
114 191
114 192
114 195
114 196
115 116
115 118
115 119
115 120
115 123
115 124
115 129
115 131
115 132
115 133
115 135
115 136
115 140
115 142
115 145
115 149
115 150
115 154
115 155
115 156
115 159
115 160
115 161
115 162
115 163
115 164
115 165
115 168
115 171
115 173
115 174
115 175
115 176
115 177
115 179
115 184
115 186
115 187
115 188
115 189
115 190
115 191
115 193
115 195
115 198
115 199
116 117
116 118
116 121
116 122
116 123
116 125
116 129
116 131
116 133
116 134
116 135
116 137
116 144
116 145
116 147
116 148
116 150
116 152
116 153
116 161
116 162
116 163
116 164
116 165
116 166
116 169
116 171
116 172
116 181
116 185
116 188
116 189
116 190
116 192
116 194
116 195
116 198
116 200
117 118
117 119
117 123
117 128
117 129
117 132
117 133
117 135
117 138
117 139
117 140
117 142
117 147
117 149
117 150
117 151
117 152
117 153
117 154
117 158
117 159
117 160
117 161
117 163
117 165
117 166
117 167
117 170
117 171
117 174
117 176
117 177
117 178
117 183
117 185
117 187
117 189
117 195
117 197
118 119
118 121
118 123
118 124
118 126
118 127
118 128
118 129
118 130
118 133
118 136
118 138
118 139
118 141
118 144
118 149
118 151
118 154
118 156
118 157
118 158
118 161
118 164
118 167
118 168
118 171
118 174
118 176
118 178
118 181
118 183
118 185
118 186
118 187
118 188
118 191
118 196
118 197
119 120
119 121
119 122
119 123
119 126
119 129
119 130
119 131
119 134
119 135
119 141
119 142
119 143
119 144
119 145
119 146
119 147
119 148
119 149
119 151
119 154
119 156
119 157
119 158
119 162
119 164
119 165
119 169
119 174
119 175
119 177
119 178
119 179
119 185
119 186
119 188
119 189
119 195
119 196
119 197
119 198
120 121
120 122
120 124
120 128
120 130
120 131
120 133
120 137
120 139
120 143
120 144
120 145
120 147
120 148
120 154
120 156
120 159
120 162
120 163
120 166
120 168
120 173
120 177
120 178
120 179
120 181
120 184
120 185
120 187
120 190
120 192
120 197
120 200
121 122
121 124
121 126
121 128
121 131
121 132
121 133
121 134
121 136
121 137
121 138
121 139
121 144
121 147
121 149
121 151
121 152
121 156
121 160
121 161
121 166
121 167
121 170
121 172
121 174
121 175
121 176
121 177
121 178
121 181
121 184
121 185
121 186
121 188
121 190
121 192
121 193
121 195
121 196
121 198
121 200
122 123
122 126
122 127
122 128
122 129
122 131
122 132
122 134
122 135
122 137
122 138
122 139
122 142
122 144
122 145
122 149
122 150
122 152
122 155
122 157
122 158
122 160
122 161
122 162
122 163
122 167
122 171
122 174
122 176
122 177
122 180
122 181
122 182
122 183
122 186
122 188
122 190
122 191
122 192
122 193
122 194
122 195
122 196
122 199
123 124
123 125
123 127
123 128
123 129
123 130
123 131
123 135
123 136
123 138
123 140
123 141
123 142
123 144
123 147
123 150
123 151
123 153
123 155
123 156
123 157
123 159
123 161
123 162
123 164
123 165
123 166
123 167
123 171
123 172
123 173
123 176
123 177
123 179
123 180
123 182
123 184
123 185
123 186
123 188
123 189
123 190
123 191
123 193
123 194
123 195
123 197
124 125
124 127
124 129
124 131
124 138
124 140
124 141
124 142
124 143
124 144
124 145
124 146
124 148
124 151
124 152
124 153
124 154
124 156
124 157
124 159
124 160
124 161
124 171
124 172
124 173
124 177
124 180
124 181
124 186
124 191
124 197
124 198
124 199
125 126
125 127
125 128
125 129
125 132
125 133
125 135
125 137
125 138
125 140
125 141
125 142
125 146
125 148
125 149
125 151
125 152
125 156
125 157
125 158
125 159
125 160
125 164
125 166
125 168
125 170
125 173
125 174
125 176
125 185
125 187
125 189
125 191
125 192
125 193
125 194
125 195
125 198
125 199
126 127
126 129
126 131
126 132
126 133
126 134
126 139
126 140
126 142
126 146
126 148
126 151
126 156
126 158
126 159
126 160
126 161
126 164
126 165
126 168
126 170
126 173
126 175
126 176
126 178
126 179
126 180
126 181
126 182
126 185
126 188
126 190
126 191
126 192
126 194
126 196
126 198
126 199
126 200
127 128
127 129
127 130
127 131
127 134
127 135
127 137
127 138
127 139
127 141
127 142
127 154
127 157
127 158
127 159
127 160
127 162
127 164
127 167
127 168
127 169
127 172
127 173
127 176
127 178
127 181
127 185
127 189
127 190
127 191
127 192
128 129
128 130
128 133
128 134
128 135
128 136
128 140
128 141
128 143
128 144
128 145
128 146
128 147
128 155
128 158
128 160
128 163
128 164
128 166
128 168
128 169
128 172
128 176
128 177
128 180
128 181
128 182
128 183
128 184
128 186
128 187
128 190
128 197
128 198
128 199
129 130
129 134
129 136
129 137
129 139
129 141
129 144
129 146
129 148
129 149
129 152
129 155
129 157
129 158
129 160
129 161
129 164
129 165
129 167
129 169
129 170
129 171
129 172
129 174
129 175
129 178
129 179
129 181
129 183
129 184
129 185
129 186
129 189
129 190
129 194
129 195
129 197
130 131
130 133
130 134
130 136
130 137
130 138
130 139
130 140
130 141
130 148
130 149
130 151
130 152
130 153
130 154
130 155
130 157
130 158
130 159
130 160
130 163
130 166
130 170
130 173
130 175
130 180
130 181
130 182
130 183
130 184
130 186
130 187
130 188
130 189
130 190
130 191
130 192
130 194
130 195
130 196
130 197
130 198
130 199
131 132
131 133
131 135
131 136
131 141
131 142
131 149
131 154
131 155
131 159
131 161
131 163
131 165
131 167
131 168
131 169
131 170
131 172
131 173
131 174
131 176
131 177
131 178
131 179
131 180
131 182
131 184
131 185
131 189
131 190
131 191
131 192
131 193
131 196
131 197
131 198
131 200
132 133
132 136
132 137
132 138
132 139
132 140
132 142
132 143
132 145
132 146
132 147
132 151
132 152
132 153
132 155
132 160
132 163
132 164
132 165
132 167
132 168
132 171
132 172
132 176
132 177
132 178
132 179
132 180
132 181
132 183
132 186
132 190
132 191
132 192
132 195
132 196
132 198
132 199
133 134
133 135
133 137
133 139
133 140
133 142
133 143
133 145
133 146
133 147
133 148
133 149
133 151
133 153
133 156
133 158
133 159
133 160
133 162
133 170
133 171
133 175
133 178
133 182
133 183
133 184
133 185
133 186
133 189
133 190
133 192
133 193
133 194
133 195
133 198
134 135
134 136
134 137
134 138
134 140
134 142
134 143
134 146
134 147
134 149
134 150
134 152
134 154
134 156
134 157
134 159
134 160
134 161
134 163
134 165
134 166
134 167
134 171
134 172
134 175
134 178
134 180
134 184
134 187
134 189
134 191
134 192
134 194
134 195
134 198
134 199
135 136
135 137
135 142
135 145
135 147
135 150
135 151
135 152
135 153
135 154
135 155
135 157
135 160
135 164
135 165
135 166
135 169
135 170
135 171
135 172
135 174
135 175
135 176
135 177
135 179
135 180
135 181
135 182
135 183
135 187
135 189
135 191
135 193
135 197
136 137
136 138
136 139
136 141
136 144
136 147
136 148
136 150
136 153
136 155
136 156
136 160
136 163
136 165
136 166
136 168
136 170
136 172
136 173
136 174
136 177
136 178
136 179
136 180
136 181
136 182
136 184
136 186
136 187
136 188
136 189
136 195
136 197
136 198
136 199
136 200
137 138
137 142
137 145
137 146
137 147
137 148
137 149
137 150
137 152
137 153
137 155
137 156
137 157
137 159
137 160
137 161
137 162
137 164
137 167
137 170
137 171
137 174
137 177
137 178
137 179
137 180
137 181
137 185
137 186
137 187
137 188
137 190
137 192
137 193
137 195
137 196
137 198
137 199
138 139
138 140
138 146
138 147
138 150
138 155
138 158
138 159
138 160
138 161
138 162
138 163
138 164
138 165
138 166
138 169
138 174
138 176
138 178
138 181
138 183
138 184
138 185
138 186
138 187
138 188
138 190
138 191
138 195
138 196
138 197
138 198
138 200
139 140
139 141
139 142
139 144
139 146
139 147
139 148
139 149
139 151
139 152
139 153
139 157
139 160
139 161
139 162
139 163
139 165
139 167
139 169
139 171
139 172
139 174
139 179
139 182
139 183
139 185
139 186
139 187
139 188
139 189
139 190
139 191
139 195
139 197
139 198
139 199
140 141
140 142
140 143
140 144
140 145
140 146
140 153
140 154
140 155
140 160
140 165
140 166
140 169
140 170
140 171
140 174
140 175
140 177
140 178
140 179
140 182
140 185
140 187
140 191
140 192
140 194
140 196
140 197
140 198
141 142
141 146
141 148
141 152
141 155
141 159
141 161
141 163
141 164
141 165
141 168
141 169
141 173
141 175
141 179
141 180
141 186
141 187
141 188
141 191
141 193
141 195
141 197
141 198
141 199
141 200
142 143
142 147
142 148
142 149
142 152
142 156
142 162
142 163
142 166
142 167
142 168
142 170
142 172
142 173
142 176
142 178
142 184
142 185
142 187
142 188
142 193
142 195
142 197
142 198
143 144
143 145
143 148
143 150
143 151
143 152
143 154
143 157
143 159
143 160
143 161
143 162
143 164
143 168
143 169
143 171
143 172
143 174
143 175
143 177
143 180
143 183
143 185
143 191
143 192
143 193
143 196
143 198
144 145
144 146
144 147
144 148
144 150
144 151
144 152
144 155
144 158
144 161
144 163
144 170
144 171
144 172
144 173
144 174
144 175
144 178
144 180
144 181
144 182
144 184
144 186
144 188
144 189
144 193
145 146
145 149
145 151
145 157
145 158
145 163
145 165
145 166
145 170
145 171
145 173
145 175
145 177
145 179
145 180
145 182
145 185
145 186
145 191
145 192
145 193
145 194
145 195
145 196
145 197
146 147
146 148
146 150
146 152
146 154
146 158
146 159
146 164
146 166
146 169
146 170
146 172
146 177
146 182
146 183
146 185
146 187
146 190
146 192
146 193
146 195
146 196
146 197
146 199
147 148
147 149
147 152
147 154
147 157
147 159
147 160
147 162
147 169
147 173
147 174
147 175
147 176
147 178
147 179
147 181
147 184
147 186
147 187
147 189
147 191
147 193
147 194
147 195
147 198
147 199
148 149
148 150
148 153
148 154
148 155
148 156
148 157
148 161
148 163
148 164
148 166
148 167
148 168
148 169
148 170
148 171
148 172
148 174
148 175
148 176
148 178
148 179
148 180
148 181
148 182
148 184
148 189
148 190
148 191
148 192
148 193
148 194
148 195
148 196
148 197
148 199
148 200
149 150
149 153
149 154
149 157
149 161
149 163
149 164
149 165
149 166
149 171
149 173
149 175
149 177
149 183
149 184
149 185
149 186
149 190
150 151
150 153
150 154
150 155
150 156
150 161
150 162
150 163
150 166
150 168
150 169
150 170
150 171
150 172
150 173
150 176
150 177
150 179
150 183
150 185
150 186
150 189
150 194
150 195
150 197
150 199
151 152
151 154
151 155
151 156
151 157
151 158
151 159
151 160
151 162
151 164
151 165
151 166
151 168
151 172
151 173
151 176
151 177
151 179
151 180
151 183
151 184
151 189
151 191
151 192
151 193
151 196
151 197
151 198
152 153
152 156
152 160
152 162
152 164
152 168
152 169
152 171
152 172
152 173
152 182
152 183
152 184
152 185
152 189
152 190
152 191
152 192
152 195
152 196
152 198
152 199
153 154
153 155
153 156
153 160
153 161
153 162
153 164
153 165
153 168
153 173
153 174
153 177
153 178
153 179
153 181
153 182
153 183
153 187
153 188
153 189
153 192
153 193
153 194
153 198
154 155
154 161
154 163
154 168
154 170
154 173
154 177
154 178
154 179
154 185
154 187
154 188
154 191
154 193
154 197
155 156
155 157
155 158
155 161
155 164
155 165
155 166
155 167
155 168
155 169
155 171
155 173
155 174
155 175
155 177
155 179
155 181
155 182
155 183
155 184
155 185
155 187
155 189
155 191
155 193
155 195
155 197
156 157
156 159
156 160
156 164
156 166
156 167
156 170
156 174
156 175
156 176
156 179
156 180
156 181
156 182
156 183
156 184
156 185
156 188
156 192
156 194
156 196
156 198
156 199
157 158
157 159
157 160
157 163
157 165
157 166
157 167
157 168
157 170
157 173
157 174
157 175
157 179
157 180
157 183
157 184
157 185
157 186
157 189
157 190
157 191
157 192
157 193
157 195
157 196
157 197
157 198
157 199
158 159
158 160
158 162
158 163
158 164
158 165
158 166
158 168
158 170
158 171
158 175
158 176
158 177
158 179
158 183
158 190
158 191
158 192
158 194
158 195
158 198
158 199
159 160
159 161
159 167
159 169
159 170
159 172
159 175
159 177
159 179
159 180
159 181
159 183
159 188
159 194
159 199
160 161
160 164
160 165
160 168
160 169
160 170
160 172
160 173
160 174
160 175
160 177
160 180
160 182
160 183
160 185
160 186
160 187
160 189
160 193
160 194
160 196
160 197
160 199
161 162
161 165
161 166
161 171
161 174
161 176
161 178
161 179
161 180
161 185
161 188
161 189
161 192
161 194
161 196
162 163
162 165
162 166
162 169
162 170
162 171
162 173
162 175
162 178
162 180
162 182
162 183
162 186
162 187
162 188
162 189
162 190
162 192
162 195
162 196
162 197
163 164
163 165
163 167
163 168
163 169
163 170
163 173
163 174
163 182
163 183
163 188
163 191
163 192
163 195
163 196
163 198
163 199
163 200
164 165
164 166
164 169
164 171
164 172
164 174
164 176
164 177
164 178
164 179
164 181
164 184
164 186
164 187
164 188
164 190
164 193
164 195
164 196
164 197
164 199
165 166
165 167
165 169
165 171
165 172
165 174
165 175
165 176
165 180
165 181
165 183
165 186
165 187
165 188
165 191
165 193
165 194
165 198
165 200
166 167
166 171
166 173
166 174
166 176
166 179
166 181
166 182
166 183
166 184
166 186
166 188
166 189
166 190
166 191
166 194
166 198
166 199
167 168
167 169
167 170
167 177
167 178
167 181
167 185
167 189
167 190
167 191
167 192
167 193
167 196
167 197
167 199
168 169
168 172
168 175
168 177
168 178
168 181
168 182
168 186
168 188
168 189
168 190
168 193
168 194
168 196
168 197
168 198
168 199
168 200
169 170
169 174
169 176
169 177
169 178
169 184
169 186
169 188
169 189
169 191
169 192
169 193
169 194
169 195
169 198
169 199
170 171
170 175
170 179
170 186
170 189
170 192
170 196
170 198
170 199
170 200
171 172
171 178
171 179
171 180
171 184
171 186
171 195
171 197
171 198
172 173
172 175
172 176
172 178
172 179
172 180
172 183
172 184
172 187
172 189
172 191
172 192
172 193
172 195
172 198
173 174
173 175
173 180
173 184
173 186
173 188
173 189
173 190
173 193
173 195
173 196
173 197
173 198
173 199
174 175
174 180
174 181
174 185
174 186
174 190
174 193
174 195
174 196
174 197
174 199
175 176
175 177
175 178
175 179
175 181
175 182
175 184
175 186
175 188
175 189
175 190
175 191
175 193
175 194
175 195
176 177
176 179
176 180
176 181
176 184
176 185
176 187
176 188
176 191
176 192
176 193
176 194
176 195
176 196
176 197
176 198
176 199
177 178
177 179
177 181
177 182
177 183
177 191
177 193
177 195
177 200
178 179
178 182
178 184
178 185
178 187
178 188
178 190
178 191
178 192
178 197
178 198
178 200
179 180
179 181
179 183
179 186
179 187
179 188
179 192
179 193
179 196
179 198
179 200
180 181
180 184
180 187
180 188
180 189
180 192
180 193
180 194
181 182
181 184
181 187
181 188
181 189
181 191
181 192
181 193
181 194
181 197
181 198
181 199
182 183
182 187
182 190
182 192
182 193
182 194
182 196
182 197
182 200
183 184
183 185
183 186
183 187
183 188
183 190
183 192
183 194
183 197
183 198
183 199
184 185
184 187
184 192
184 194
184 196
184 198
184 199
184 200
185 186
185 187
185 188
185 189
185 190
185 191
185 193
185 194
185 195
185 197
185 198
185 199
186 187
186 190
186 191
186 195
186 196
186 198
186 199
187 188
187 189
187 190
187 191
187 192
187 197
187 200
188 189
188 190
188 192
188 193
188 196
188 197
188 198
188 200
189 190
189 194
189 195
189 197
189 198
189 200
190 191
190 193
190 194
190 197
190 198
190 199
190 200
191 192
191 194
191 196
191 197
191 199
192 193
192 194
192 196
192 197
192 199
192 200
193 194
193 195
193 199
193 200
194 195
194 198
194 200
195 196
195 198
195 199
196 197
196 198
196 200
197 198
198 199
199 200
