200 5970
1 2
1 8
1 9
1 18
1 21
1 27
1 38
1 58
1 70
1 72
1 73
1 78
1 79
1 84
1 92
1 103
1 110
1 112
1 113
1 116
1 117
1 119
1 125
1 127
1 130
1 153
1 189
1 194
1 198
2 3
2 4
2 10
2 17
2 26
2 36
2 42
2 43
2 46
2 47
2 48
2 55
2 62
2 65
2 66
2 75
2 76
2 77
2 80
2 84
2 87
2 90
2 97
2 99
2 102
2 103
2 104
2 109
2 110
2 111
2 113
2 118
2 119
2 124
2 125
2 126
2 128
2 135
2 138
2 139
2 143
2 144
2 145
2 148
2 149
2 154
2 155
2 165
2 166
2 169
2 175
2 178
2 186
2 187
2 190
2 196
2 197
3 4
3 5
3 12
3 16
3 17
3 21
3 22
3 23
3 29
3 31
3 36
3 38
3 44
3 47
3 53
3 57
3 58
3 64
3 71
3 73
3 79
3 85
3 94
3 95
3 97
3 98
3 100
3 101
3 106
3 111
3 114
3 120
3 129
3 136
3 140
3 141
3 142
3 145
3 149
3 150
3 151
3 155
3 161
3 165
3 169
3 173
3 184
3 186
3 187
3 190
3 191
3 193
4 5
4 6
4 12
4 13
4 14
4 15
4 21
4 28
4 32
4 34
4 35
4 36
4 37
4 40
4 46
4 47
4 51
4 60
4 67
4 68
4 69
4 72
4 78
4 82
4 84
4 90
4 94
4 96
4 100
4 103
4 107
4 111
4 114
4 125
4 128
4 129
4 131
4 133
4 139
4 146
4 147
4 148
4 150
4 151
4 152
4 153
4 154
4 155
4 157
4 158
4 160
4 163
4 164
4 165
4 167
4 170
4 171
4 174
4 176
4 177
4 179
4 180
4 181
4 183
4 184
4 186
4 189
4 190
4 193
4 196
5 6
5 9
5 11
5 13
5 16
5 17
5 21
5 22
5 24
5 26
5 27
5 29
5 35
5 38
5 39
5 40
5 44
5 45
5 46
5 53
5 55
5 60
5 61
5 68
5 70
5 76
5 83
5 85
5 86
5 87
5 88
5 92
5 93
5 94
5 97
5 98
5 99
5 104
5 107
5 118
5 119
5 120
5 122
5 125
5 126
5 128
5 133
5 134
5 144
5 146
5 147
5 148
5 149
5 152
5 158
5 159
5 160
5 161
5 171
5 172
5 180
5 184
5 185
5 189
5 190
5 191
5 195
5 197
5 199
5 200
6 7
6 12
6 14
6 15
6 16
6 18
6 27
6 30
6 34
6 36
6 39
6 44
6 45
6 46
6 49
6 51
6 54
6 61
6 62
6 70
6 71
6 72
6 73
6 81
6 87
6 88
6 102
6 105
6 106
6 110
6 112
6 113
6 119
6 129
6 132
6 133
6 135
6 140
6 147
6 148
6 153
6 158
6 161
6 165
6 166
6 175
6 176
6 178
6 179
6 186
6 190
6 195
6 197
6 198
7 8
7 15
7 21
7 23
7 27
7 29
7 32
7 34
7 39
7 43
7 46
7 47
7 50
7 73
7 75
7 77
7 79
7 84
7 85
7 89
7 91
7 102
7 111
7 114
7 116
7 122
7 123
7 126
7 131
7 133
7 135
7 138
7 141
7 144
7 148
7 153
7 156
7 164
7 167
7 171
7 175
7 176
7 178
7 179
7 181
7 183
7 184
7 186
7 189
7 193
7 195
8 9
8 11
8 17
8 20
8 22
8 25
8 31
8 38
8 44
8 46
8 50
8 53
8 54
8 55
8 60
8 61
8 64
8 65
8 75
8 76
8 79
8 83
8 84
8 85
8 88
8 91
8 98
8 101
8 103
8 104
8 105
8 111
8 120
8 122
8 124
8 126
8 129
8 134
8 144
8 147
8 148
8 150
8 152
8 154
8 155
8 159
8 160
8 165
8 167
8 168
8 169
8 170
8 175
8 182
8 183
8 184
8 190
8 191
8 198
9 10
9 14
9 15
9 18
9 21
9 26
9 28
9 38
9 43
9 46
9 47
9 48
9 52
9 53
9 57
9 60
9 66
9 68
9 74
9 75
9 78
9 81
9 83
9 87
9 88
9 89
9 92
9 93
9 96
9 102
9 104
9 111
9 113
9 114
9 116
9 117
9 118
9 119
9 120
9 126
9 130
9 131
9 133
9 134
9 135
9 137
9 139
9 141
9 142
9 150
9 153
9 156
9 157
9 158
9 160
9 162
9 163
9 164
9 170
9 173
9 176
9 180
9 182
9 183
9 189
9 191
9 193
10 11
10 17
10 19
10 21
10 24
10 25
10 30
10 33
10 40
10 43
10 45
10 49
10 52
10 55
10 57
10 60
10 62
10 64
10 65
10 68
10 99
10 108
10 111
10 114
10 115
10 117
10 118
10 119
10 121
10 122
10 132
10 135
10 141
10 145
10 146
10 148
10 151
10 158
10 160
10 164
10 165
10 167
10 168
10 169
10 173
10 177
10 183
10 186
10 189
10 191
10 194
10 198
11 12
11 14
11 21
11 26
11 30
11 35
11 36
11 39
11 48
11 53
11 57
11 61
11 62
11 63
11 67
11 68
11 70
11 83
11 86
11 87
11 88
11 100
11 103
11 118
11 124
11 125
11 126
11 133
11 135
11 136
11 140
11 146
11 149
11 154
11 155
11 158
11 161
11 164
11 167
11 175
11 180
11 183
11 186
11 192
11 195
11 196
12 13
12 18
12 19
12 21
12 31
12 34
12 40
12 41
12 42
12 44
12 45
12 47
12 51
12 52
12 55
12 57
12 58
12 59
12 61
12 63
12 64
12 65
12 66
12 69
12 70
12 73
12 74
12 81
12 82
12 85
12 89
12 92
12 95
12 99
12 100
12 102
12 103
12 105
12 106
12 108
12 111
12 117
12 119
12 126
12 127
12 137
12 139
12 147
12 152
12 158
12 161
12 167
12 169
12 170
12 184
12 186
12 191
12 192
12 193
12 199
13 14
13 15
13 18
13 22
13 28
13 30
13 36
13 37
13 38
13 42
13 43
13 47
13 48
13 49
13 53
13 57
13 62
13 64
13 67
13 68
13 69
13 72
13 78
13 79
13 80
13 83
13 86
13 88
13 90
13 94
13 95
13 98
13 99
13 108
13 111
13 120
13 121
13 123
13 124
13 125
13 129
13 135
13 140
13 142
13 145
13 147
13 148
13 150
13 153
13 154
13 159
13 160
13 163
13 165
13 167
13 171
13 174
13 176
13 179
13 180
13 181
13 182
13 183
13 185
13 190
13 191
13 194
13 196
13 199
13 200
14 15
14 19
14 24
14 25
14 32
14 34
14 35
14 36
14 40
14 42
14 46
14 48
14 53
14 55
14 59
14 60
14 66
14 74
14 75
14 78
14 85
14 86
14 87
14 88
14 90
14 91
14 92
14 94
14 100
14 107
14 110
14 111
14 112
14 115
14 118
14 119
14 120
14 121
14 128
14 129
14 130
14 131
14 134
14 136
14 143
14 149
14 168
14 176
14 182
14 185
14 189
14 199
15 16
15 21
15 25
15 35
15 40
15 44
15 55
15 57
15 59
15 60
15 61
15 66
15 68
15 71
15 72
15 74
15 77
15 78
15 81
15 86
15 89
15 102
15 108
15 110
15 118
15 119
15 121
15 126
15 128
15 129
15 141
15 147
15 150
15 153
15 168
15 173
15 176
15 181
15 182
15 186
15 187
15 189
15 190
15 194
15 195
15 197
16 17
16 20
16 22
16 23
16 25
16 28
16 32
16 41
16 42
16 45
16 46
16 51
16 53
16 54
16 56
16 57
16 58
16 59
16 61
16 63
16 65
16 66
16 67
16 69
16 74
16 84
16 88
16 97
16 98
16 103
16 105
16 111
16 116
16 119
16 127
16 132
16 136
16 137
16 140
16 144
16 148
16 149
16 151
16 154
16 155
16 163
16 171
16 172
16 174
16 175
16 176
16 177
16 179
16 181
16 183
16 187
16 188
16 189
16 191
16 193
16 199
17 18
17 19
17 20
17 24
17 27
17 29
17 34
17 37
17 39
17 42
17 43
17 48
17 50
17 52
17 53
17 56
17 57
17 63
17 68
17 69
17 72
17 80
17 85
17 90
17 91
17 92
17 94
17 95
17 98
17 100
17 110
17 111
17 118
17 123
17 127
17 129
17 135
17 139
17 141
17 142
17 144
17 145
17 147
17 148
17 149
17 152
17 155
17 156
17 157
17 158
17 160
17 164
17 166
17 168
17 173
17 177
17 180
17 187
17 188
17 193
17 196
17 197
18 19
18 20
18 24
18 29
18 31
18 33
18 35
18 38
18 42
18 44
18 47
18 49
18 54
18 56
18 58
18 60
18 66
18 77
18 78
18 82
18 83
18 86
18 87
18 91
18 97
18 98
18 101
18 104
18 106
18 109
18 111
18 112
18 114
18 118
18 119
18 125
18 126
18 134
18 137
18 140
18 146
18 147
18 149
18 152
18 153
18 154
18 155
18 163
18 166
18 170
18 171
18 174
18 175
18 176
18 180
18 183
18 185
18 186
18 189
18 192
18 196
18 197
19 20
19 25
19 29
19 32
19 33
19 35
19 41
19 43
19 45
19 46
19 47
19 49
19 51
19 57
19 58
19 61
19 68
19 70
19 72
19 73
19 74
19 81
19 82
19 87
19 88
19 91
19 95
19 97
19 102
19 105
19 108
19 112
19 115
19 119
19 120
19 121
19 122
19 123
19 124
19 126
19 128
19 131
19 133
19 142
19 147
19 151
19 154
19 158
19 164
19 165
19 167
19 168
19 172
19 174
19 177
19 181
19 185
19 199
20 21
20 23
20 24
20 25
20 27
20 31
20 36
20 38
20 40
20 45
20 47
20 48
20 56
20 57
20 59
20 62
20 65
20 67
20 69
20 72
20 73
20 78
20 80
20 81
20 82
20 87
20 90
20 94
20 96
20 100
20 102
20 105
20 108
20 111
20 116
20 117
20 118
20 128
20 129
20 132
20 134
20 137
20 139
20 141
20 146
20 147
20 150
20 155
20 156
20 157
20 162
20 163
20 171
20 181
20 182
20 184
20 186
20 188
20 195
21 22
21 29
21 35
21 37
21 41
21 45
21 49
21 53
21 55
21 57
21 60
21 63
21 72
21 73
21 82
21 83
21 85
21 87
21 88
21 89
21 94
21 101
21 103
21 104
21 109
21 111
21 112
21 113
21 121
21 124
21 125
21 126
21 127
21 128
21 130
21 134
21 141
21 142
21 145
21 146
21 147
21 151
21 152
21 154
21 157
21 158
21 163
21 168
21 169
21 174
21 179
21 182
21 185
21 188
21 189
21 190
21 193
22 23
22 24
22 29
22 36
22 44
22 47
22 51
22 55
22 61
22 62
22 63
22 81
22 82
22 87
22 92
22 94
22 101
22 103
22 104
22 105
22 113
22 114
22 115
22 117
22 119
22 122
22 124
22 137
22 139
22 142
22 145
22 146
22 151
22 158
22 159
22 161
22 163
22 166
22 168
22 169
22 170
22 175
22 176
22 180
22 186
22 188
22 189
22 190
22 192
22 194
22 195
22 196
23 24
23 26
23 27
23 28
23 32
23 35
23 44
23 55
23 58
23 59
23 60
23 68
23 69
23 70
23 74
23 75
23 85
23 86
23 94
23 97
23 99
23 102
23 104
23 107
23 110
23 116
23 122
23 124
23 126
23 134
23 137
23 138
23 141
23 147
23 148
23 150
23 155
23 161
23 164
23 165
23 167
23 168
23 170
23 173
23 174
23 176
23 182
23 184
23 186
23 188
23 189
23 193
24 25
24 26
24 27
24 30
24 31
24 32
24 35
24 38
24 39
24 41
24 45
24 53
24 54
24 56
24 59
24 60
24 65
24 69
24 73
24 80
24 81
24 84
24 87
24 91
24 92
24 93
24 95
24 97
24 103
24 110
24 112
24 117
24 125
24 126
24 129
24 136
24 140
24 141
24 143
24 145
24 146
24 147
24 153
24 158
24 159
24 161
24 163
24 165
24 179
24 181
24 184
24 186
24 187
24 189
24 190
24 191
24 194
25 26
25 29
25 31
25 36
25 38
25 40
25 41
25 44
25 49
25 50
25 51
25 52
25 53
25 55
25 59
25 60
25 64
25 68
25 70
25 71
25 74
25 75
25 80
25 81
25 86
25 94
25 102
25 105
25 119
25 126
25 127
25 128
25 129
25 133
25 135
25 138
25 144
25 154
25 155
25 157
25 159
25 161
25 171
25 172
25 175
25 178
25 184
25 186
25 187
25 190
25 195
25 196
25 198
26 27
26 30
26 37
26 47
26 48
26 54
26 58
26 59
26 61
26 62
26 63
26 65
26 78
26 85
26 89
26 93
26 95
26 103
26 104
26 107
26 112
26 118
26 124
26 131
26 136
26 140
26 143
26 144
26 146
26 147
26 153
26 156
26 157
26 158
26 163
26 171
26 173
26 174
26 175
26 178
26 182
26 183
26 186
26 188
26 190
26 195
26 196
26 198
27 28
27 29
27 30
27 32
27 35
27 37
27 40
27 42
27 47
27 48
27 52
27 56
27 63
27 64
27 65
27 66
27 69
27 71
27 74
27 75
27 77
27 80
27 83
27 84
27 85
27 89
27 94
27 95
27 97
27 103
27 106
27 112
27 114
27 116
27 117
27 128
27 136
27 138
27 140
27 141
27 148
27 151
27 154
27 159
27 161
27 173
27 174
27 177
27 181
27 182
27 184
27 190
27 193
27 199
28 29
28 30
28 36
28 38
28 48
28 49
28 52
28 53
28 55
28 61
28 63
28 65
28 67
28 70
28 71
28 72
28 76
28 78
28 81
28 82
28 87
28 88
28 89
28 95
28 96
28 99
28 104
28 109
28 111
28 120
28 126
28 138
28 140
28 150
28 160
28 166
28 169
28 170
28 171
28 172
28 176
28 181
28 182
28 185
28 189
28 192
29 30
29 31
29 33
29 34
29 37
29 38
29 39
29 40
29 41
29 42
29 43
29 59
29 70
29 73
29 74
29 78
29 79
29 82
29 85
29 86
29 89
29 93
29 106
29 107
29 117
29 126
29 127
29 131
29 132
29 133
29 134
29 135
29 138
29 143
29 145
29 146
29 149
29 152
29 156
29 160
29 165
29 166
29 176
29 177
29 178
29 183
29 185
29 187
29 191
29 194
29 198
29 199
30 31
30 40
30 41
30 46
30 47
30 52
30 53
30 56
30 63
30 67
30 68
30 70
30 71
30 74
30 79
30 83
30 84
30 86
30 89
30 94
30 95
30 96
30 97
30 98
30 100
30 105
30 107
30 109
30 112
30 113
30 114
30 118
30 121
30 122
30 126
30 130
30 133
30 134
30 139
30 144
30 155
30 156
30 160
30 162
30 163
30 172
30 174
30 175
30 176
30 178
30 180
30 181
30 183
30 185
30 187
30 192
30 194
31 32
31 34
31 39
31 40
31 49
31 51
31 56
31 58
31 59
31 60
31 63
31 68
31 69
31 71
31 72
31 73
31 75
31 77
31 80
31 82
31 83
31 85
31 87
31 89
31 93
31 96
31 97
31 98
31 99
31 100
31 103
31 109
31 110
31 111
31 117
31 118
31 119
31 123
31 125
31 130
31 134
31 139
31 141
31 145
31 147
31 154
31 161
31 168
31 173
31 177
31 178
31 181
31 182
31 190
31 194
31 195
31 197
31 198
32 33
32 35
32 38
32 40
32 42
32 44
32 45
32 46
32 47
32 50
32 52
32 56
32 65
32 67
32 81
32 84
32 89
32 90
32 93
32 100
32 102
32 104
32 108
32 109
32 113
32 115
32 119
32 123
32 126
32 128
32 129
32 130
32 132
32 133
32 135
32 146
32 148
32 152
32 154
32 156
32 157
32 158
32 160
32 166
32 169
32 171
32 180
32 182
32 184
32 189
32 191
32 193
32 196
32 197
33 34
33 39
33 47
33 48
33 56
33 57
33 58
33 61
33 62
33 64
33 68
33 69
33 70
33 71
33 73
33 74
33 77
33 80
33 88
33 89
33 90
33 96
33 98
33 100
33 102
33 105
33 107
33 112
33 115
33 116
33 117
33 121
33 126
33 135
33 137
33 142
33 143
33 144
33 151
33 157
33 158
33 159
33 161
33 168
33 169
33 174
33 178
33 184
33 189
33 191
34 35
34 38
34 47
34 50
34 52
34 53
34 58
34 62
34 65
34 69
34 76
34 82
34 83
34 87
34 93
34 94
34 96
34 98
34 99
34 108
34 123
34 124
34 127
34 130
34 133
34 134
34 140
34 141
34 142
34 143
34 150
34 154
34 159
34 160
34 161
34 167
34 169
34 183
34 193
34 198
34 200
35 36
35 39
35 41
35 42
35 46
35 47
35 48
35 51
35 54
35 55
35 62
35 63
35 64
35 67
35 68
35 71
35 74
35 76
35 77
35 79
35 84
35 87
35 88
35 89
35 90
35 95
35 97
35 108
35 110
35 111
35 118
35 122
35 126
35 128
35 129
35 130
35 132
35 133
35 138
35 139
35 140
35 144
35 147
35 148
35 153
35 154
35 161
35 173
35 178
35 183
35 193
35 197
35 199
36 37
36 41
36 48
36 50
36 55
36 59
36 62
36 63
36 64
36 66
36 68
36 69
36 70
36 72
36 82
36 84
36 88
36 90
36 91
36 94
36 95
36 97
36 98
36 112
36 114
36 118
36 126
36 128
36 130
36 137
36 139
36 140
36 143
36 146
36 149
36 152
36 158
36 164
36 167
36 168
36 176
36 177
36 179
36 181
36 183
36 185
36 187
36 189
36 192
36 197
36 200
37 38
37 42
37 43
37 44
37 46
37 49
37 52
37 54
37 58
37 59
37 64
37 72
37 75
37 77
37 81
37 82
37 88
37 89
37 92
37 93
37 94
37 97
37 109
37 110
37 113
37 114
37 115
37 116
37 117
37 119
37 121
37 123
37 126
37 130
37 135
37 138
37 149
37 158
37 160
37 161
37 163
37 164
37 169
37 171
37 173
37 174
37 175
37 177
37 178
37 179
37 184
37 187
38 39
38 43
38 44
38 48
38 50
38 53
38 55
38 59
38 60
38 66
38 67
38 68
38 70
38 75
38 76
38 77
38 78
38 79
38 80
38 84
38 85
38 86
38 89
38 94
38 97
38 101
38 102
38 108
38 109
38 110
38 111
38 112
38 123
38 125
38 128
38 129
38 131
38 134
38 142
38 147
38 149
38 153
38 155
38 157
38 160
38 161
38 167
38 170
38 173
38 174
38 181
38 182
38 186
38 189
38 196
38 198
38 200
39 40
39 42
39 47
39 52
39 54
39 58
39 59
39 69
39 77
39 78
39 79
39 87
39 97
39 99
39 100
39 102
39 106
39 108
39 110
39 112
39 118
39 119
39 120
39 122
39 123
39 124
39 129
39 130
39 134
39 137
39 138
39 139
39 145
39 146
39 152
39 154
39 157
39 161
39 164
39 165
39 169
39 172
39 176
39 183
39 184
39 185
39 187
39 189
39 192
39 196
40 41
40 44
40 45
40 47
40 48
40 50
40 52
40 53
40 64
40 70
40 74
40 77
40 79
40 81
40 82
40 85
40 90
40 92
40 94
40 95
40 101
40 105
40 109
40 111
40 112
40 114
40 117
40 119
40 129
40 139
40 140
40 141
40 144
40 155
40 161
40 165
40 179
40 180
40 181
40 188
40 190
40 191
40 196
40 197
40 199
41 42
41 45
41 50
41 55
41 58
41 59
41 62
41 68
41 72
41 73
41 74
41 75
41 77
41 78
41 85
41 87
41 88
41 90
41 94
41 104
41 105
41 115
41 116
41 124
41 128
41 134
41 139
41 144
41 148
41 149
41 152
41 156
41 161
41 167
41 168
41 172
41 175
41 177
41 179
41 181
41 184
41 187
41 191
41 193
41 196
42 43
42 44
42 48
42 49
42 53
42 54
42 55
42 61
42 63
42 67
42 74
42 76
42 80
42 82
42 86
42 88
42 89
42 91
42 92
42 94
42 98
42 101
42 102
42 105
42 107
42 110
42 112
42 113
42 123
42 129
42 133
42 134
42 135
42 139
42 141
42 146
42 150
42 153
42 154
42 156
42 158
42 161
42 163
42 167
42 169
42 173
42 176
42 181
42 190
42 197
43 44
43 47
43 49
43 53
43 62
43 68
43 69
43 81
43 82
43 91
43 100
43 105
43 106
43 108
43 109
43 111
43 115
43 120
43 122
43 123
43 125
43 129
43 134
43 137
43 138
43 139
43 149
43 152
43 158
43 159
43 162
43 169
43 173
43 176
43 178
43 181
43 184
43 185
43 187
43 191
44 45
44 51
44 53
44 59
44 60
44 62
44 68
44 75
44 80
44 81
44 82
44 83
44 84
44 87
44 88
44 96
44 99
44 102
44 114
44 117
44 118
44 123
44 124
44 128
44 129
44 131
44 135
44 139
44 140
44 141
44 143
44 148
44 150
44 151
44 158
44 170
44 171
44 182
44 198
44 199
45 46
45 47
45 49
45 52
45 55
45 58
45 60
45 61
45 63
45 64
45 66
45 67
45 73
45 74
45 79
45 80
45 87
45 88
45 89
45 90
45 92
45 96
45 101
45 111
45 114
45 116
45 120
45 123
45 124
45 133
45 135
45 137
45 141
45 145
45 155
45 159
45 176
45 179
45 180
45 181
45 189
45 191
46 47
46 48
46 50
46 58
46 60
46 67
46 69
46 72
46 75
46 83
46 84
46 86
46 87
46 89
46 95
46 97
46 101
46 103
46 111
46 119
46 121
46 122
46 125
46 137
46 139
46 140
46 144
46 161
46 163
46 165
46 171
46 177
46 179
46 183
46 185
46 186
46 187
46 190
46 191
46 193
46 194
46 195
46 196
46 199
47 48
47 53
47 56
47 58
47 59
47 64
47 65
47 69
47 79
47 87
47 91
47 94
47 96
47 98
47 102
47 103
47 104
47 109
47 114
47 121
47 126
47 132
47 134
47 137
47 144
47 148
47 150
47 152
47 154
47 157
47 165
47 174
47 175
47 177
47 178
47 180
47 182
47 183
47 188
47 191
47 199
48 49
48 53
48 59
48 60
48 61
48 66
48 71
48 73
48 79
48 84
48 86
48 88
48 90
48 106
48 116
48 122
48 124
48 125
48 129
48 132
48 134
48 136
48 137
48 142
48 146
48 147
48 148
48 155
48 159
48 161
48 165
48 168
48 176
48 180
48 181
48 185
48 188
48 190
48 198
48 199
49 50
49 56
49 57
49 61
49 65
49 71
49 74
49 81
49 82
49 84
49 88
49 89
49 93
49 99
49 104
49 109
49 111
49 113
49 127
49 129
49 133
49 136
49 141
49 142
49 144
49 145
49 149
49 152
49 153
49 155
49 156
49 157
49 162
49 163
49 166
49 167
49 169
49 172
49 175
49 181
49 183
49 188
49 189
49 190
49 199
50 51
50 55
50 57
50 58
50 61
50 62
50 63
50 64
50 70
50 71
50 72
50 74
50 77
50 78
50 81
50 84
50 86
50 88
50 90
50 94
50 96
50 101
50 102
50 116
50 117
50 118
50 123
50 124
50 126
50 127
50 129
50 131
50 133
50 134
50 136
50 138
50 141
50 143
50 146
50 147
50 152
50 153
50 160
50 163
50 167
50 168
50 171
50 175
50 177
50 179
50 180
50 187
50 188
50 190
50 191
50 195
50 196
50 197
51 52
51 61
51 62
51 64
51 67
51 72
51 78
51 86
51 89
51 91
51 98
51 101
51 108
51 110
51 113
51 116
51 120
51 123
51 124
51 127
51 139
51 145
51 148
51 151
51 152
51 157
51 161
51 164
51 165
51 178
51 183
51 194
51 195
52 53
52 61
52 64
52 68
52 70
52 71
52 72
52 73
52 74
52 75
52 77
52 80
52 82
52 83
52 85
52 86
52 88
52 89
52 91
52 92
52 95
52 103
52 108
52 109
52 112
52 117
52 120
52 123
52 124
52 139
52 140
52 144
52 147
52 148
52 151
52 155
52 159
52 160
52 165
52 173
52 177
52 186
52 187
52 195
52 196
52 198
53 54
53 58
53 60
53 62
53 63
53 65
53 68
53 73
53 75
53 77
53 78
53 79
53 80
53 84
53 85
53 86
53 87
53 89
53 92
53 94
53 106
53 107
53 108
53 109
53 111
53 112
53 115
53 116
53 119
53 121
53 124
53 136
53 142
53 147
53 148
53 149
53 154
53 162
53 163
53 169
53 172
53 174
53 176
53 178
53 179
53 180
53 183
53 184
53 187
53 192
53 198
53 199
54 55
54 56
54 60
54 68
54 70
54 76
54 77
54 78
54 85
54 86
54 92
54 95
54 96
54 97
54 101
54 102
54 103
54 110
54 112
54 119
54 121
54 122
54 129
54 134
54 138
54 139
54 142
54 148
54 150
54 152
54 156
54 159
54 162
54 166
54 171
54 177
54 179
54 180
54 182
54 183
54 185
54 186
54 187
54 189
54 191
54 193
54 199
55 56
55 64
55 65
55 79
55 83
55 89
55 98
55 104
55 108
55 109
55 111
55 112
55 118
55 122
55 124
55 126
55 128
55 129
55 130
55 145
55 146
55 147
55 149
55 158
55 161
55 162
55 164
55 165
55 168
55 172
55 174
55 185
55 187
55 191
55 194
55 197
55 199
56 57
56 58
56 60
56 61
56 65
56 66
56 67
56 71
56 80
56 84
56 85
56 86
56 87
56 88
56 89
56 92
56 93
56 95
56 109
56 116
56 117
56 118
56 119
56 136
56 137
56 139
56 143
56 144
56 146
56 150
56 152
56 154
56 155
56 159
56 160
56 162
56 165
56 166
56 167
56 168
56 169
56 176
56 180
56 187
56 191
56 194
57 58
57 67
57 69
57 70
57 74
57 78
57 79
57 86
57 92
57 93
57 97
57 98
57 101
57 103
57 106
57 109
57 114
57 116
57 117
57 129
57 132
57 134
57 142
57 143
57 148
57 150
57 151
57 156
57 163
57 174
57 177
57 182
57 183
57 188
57 189
57 190
57 192
57 199
57 200
58 59
58 60
58 61
58 62
58 67
58 69
58 71
58 81
58 84
58 86
58 89
58 90
58 96
58 97
58 105
58 112
58 113
58 114
58 118
58 125
58 126
58 131
58 138
58 139
58 143
58 149
58 151
58 158
58 161
58 162
58 169
58 174
58 178
58 179
58 183
58 185
58 192
58 196
59 60
59 61
59 69
59 71
59 72
59 79
59 86
59 91
59 94
59 97
59 99
59 101
59 109
59 113
59 115
59 126
59 128
59 130
59 132
59 134
59 139
59 140
59 149
59 150
59 151
59 152
59 154
59 158
59 160
59 164
59 166
59 167
59 171
59 176
59 177
59 178
59 179
59 184
59 185
59 187
59 188
59 197
60 61
60 64
60 66
60 67
60 68
60 71
60 77
60 78
60 79
60 93
60 101
60 102
60 104
60 108
60 111
60 113
60 115
60 117
60 119
60 132
60 136
60 141
60 143
60 145
60 148
60 161
60 163
60 165
60 166
60 168
60 171
60 173
60 174
60 191
60 195
60 196
61 62
61 63
61 68
61 71
61 74
61 79
61 84
61 103
61 106
61 108
61 113
61 114
61 118
61 120
61 123
61 139
61 140
61 151
61 153
61 154
61 157
61 160
61 163
61 166
61 167
61 168
61 169
61 173
61 174
61 178
61 179
61 182
61 185
61 188
61 191
61 198
61 200
62 63
62 65
62 73
62 76
62 78
62 80
62 86
62 87
62 88
62 89
62 91
62 93
62 95
62 96
62 97
62 101
62 105
62 110
62 112
62 115
62 116
62 119
62 120
62 121
62 122
62 123
62 124
62 134
62 135
62 138
62 140
62 141
62 149
62 152
62 153
62 154
62 157
62 158
62 167
62 170
62 173
62 182
62 186
62 188
62 193
62 195
62 196
62 197
63 64
63 67
63 71
63 73
63 74
63 75
63 79
63 85
63 88
63 89
63 93
63 109
63 113
63 115
63 118
63 129
63 130
63 131
63 133
63 134
63 135
63 136
63 142
63 149
63 150
63 156
63 159
63 161
63 172
63 175
63 183
63 185
63 186
63 192
63 193
63 199
64 65
64 70
64 80
64 85
64 89
64 93
64 100
64 105
64 106
64 107
64 108
64 111
64 115
64 118
64 123
64 129
64 130
64 139
64 143
64 144
64 146
64 148
64 152
64 153
64 154
64 159
64 160
64 161
64 175
64 180
64 183
64 185
64 191
64 192
64 194
65 66
65 74
65 79
65 83
65 85
65 91
65 94
65 98
65 103
65 104
65 106
65 109
65 113
65 117
65 118
65 120
65 122
65 125
65 128
65 129
65 133
65 134
65 137
65 138
65 139
65 145
65 146
65 150
65 161
65 166
65 172
65 175
65 177
65 181
65 182
65 183
65 184
65 188
65 190
65 191
65 194
65 198
66 67
66 69
66 73
66 77
66 85
66 88
66 97
66 99
66 101
66 104
66 106
66 108
66 115
66 117
66 118
66 129
66 130
66 132
66 134
66 140
66 143
66 149
66 150
66 157
66 158
66 159
66 166
66 167
66 178
66 179
66 180
66 181
66 183
66 190
66 198
67 68
67 74
67 75
67 77
67 82
67 84
67 86
67 87
67 91
67 100
67 109
67 111
67 112
67 117
67 120
67 121
67 122
67 124
67 127
67 131
67 132
67 151
67 153
67 158
67 161
67 168
67 174
67 175
67 177
67 179
67 182
67 184
67 189
67 198
68 69
68 76
68 77
68 83
68 84
68 87
68 92
68 104
68 115
68 116
68 118
68 120
68 131
68 133
68 150
68 151
68 152
68 159
68 161
68 166
68 183
68 185
68 187
68 191
68 198
68 200
69 70
69 75
69 79
69 80
69 82
69 84
69 85
69 88
69 94
69 95
69 96
69 99
69 106
69 108
69 109
69 116
69 122
69 125
69 126
69 131
69 135
69 137
69 140
69 145
69 147
69 149
69 153
69 158
69 159
69 164
69 165
69 171
69 179
69 188
69 192
69 197
69 198
70 71
70 75
70 80
70 86
70 87
70 95
70 96
70 97
70 99
70 101
70 102
70 103
70 104
70 106
70 111
70 116
70 122
70 124
70 128
70 130
70 131
70 135
70 139
70 141
70 148
70 151
70 152
70 154
70 155
70 158
70 162
70 171
70 173
70 175
70 176
70 177
70 181
70 200
71 72
71 73
71 75
71 76
71 77
71 78
71 79
71 81
71 83
71 86
71 87
71 89
71 90
71 93
71 94
71 95
71 98
71 99
71 102
71 103
71 104
71 108
71 112
71 117
71 123
71 125
71 126
71 133
71 136
71 138
71 139
71 144
71 153
71 154
71 157
71 158
71 159
71 163
71 164
71 168
71 173
71 178
71 182
71 185
71 190
71 192
71 193
71 194
71 197
71 199
72 73
72 75
72 79
72 80
72 84
72 88
72 91
72 92
72 95
72 97
72 98
72 109
72 110
72 117
72 119
72 122
72 124
72 129
72 132
72 135
72 139
72 141
72 143
72 156
72 163
72 164
72 167
72 169
72 173
72 179
72 186
72 189
72 191
72 199
73 74
73 86
73 87
73 91
73 92
73 93
73 96
73 98
73 99
73 101
73 106
73 114
73 115
73 116
73 117
73 120
73 121
73 124
73 126
73 128
73 129
73 130
73 133
73 134
73 135
73 136
73 140
73 147
73 151
73 154
73 159
73 170
73 171
73 175
73 177
73 180
73 182
73 185
73 189
73 198
73 199
74 75
74 84
74 85
74 86
74 89
74 90
74 97
74 99
74 100
74 105
74 106
74 122
74 123
74 125
74 128
74 129
74 136
74 138
74 143
74 147
74 149
74 152
74 153
74 157
74 166
74 173
74 174
74 176
74 183
74 185
74 194
74 195
74 197
75 76
75 79
75 82
75 83
75 84
75 85
75 91
75 98
75 99
75 100
75 102
75 103
75 104
75 107
75 110
75 113
75 119
75 120
75 121
75 124
75 131
75 132
75 133
75 135
75 139
75 143
75 144
75 146
75 159
75 161
75 166
75 169
75 171
75 176
75 182
75 184
75 185
75 186
75 187
75 188
75 191
75 192
75 193
75 194
75 198
75 200
76 77
76 79
76 87
76 88
76 90
76 92
76 95
76 96
76 100
76 103
76 105
76 110
76 116
76 118
76 122
76 125
76 129
76 131
76 134
76 142
76 144
76 146
76 148
76 153
76 155
76 161
76 162
76 164
76 166
76 168
76 169
76 173
76 179
76 188
76 195
77 78
77 79
77 82
77 83
77 90
77 91
77 92
77 95
77 98
77 100
77 101
77 106
77 107
77 112
77 116
77 117
77 118
77 122
77 124
77 129
77 131
77 135
77 141
77 142
77 143
77 149
77 152
77 153
77 154
77 157
77 160
77 163
77 165
77 169
77 172
77 183
77 187
77 188
77 192
77 198
77 199
78 79
78 86
78 92
78 96
78 98
78 100
78 101
78 104
78 106
78 110
78 111
78 117
78 124
78 125
78 140
78 151
78 161
78 173
78 176
78 178
78 181
78 184
78 187
78 188
78 192
78 193
78 196
78 200
79 80
79 84
79 85
79 86
79 95
79 97
79 98
79 100
79 101
79 108
79 109
79 111
79 113
79 118
79 124
79 125
79 127
79 135
79 137
79 138
79 139
79 144
79 145
79 146
79 147
79 156
79 158
79 163
79 166
79 176
79 189
79 190
79 191
79 199
80 81
80 82
80 86
80 91
80 96
80 97
80 101
80 104
80 114
80 115
80 118
80 119
80 124
80 125
80 129
80 137
80 142
80 149
80 160
80 163
80 165
80 166
80 167
80 178
80 185
80 196
80 199
81 82
81 83
81 84
81 86
81 87
81 95
81 96
81 97
81 98
81 103
81 104
81 118
81 119
81 125
81 133
81 142
81 144
81 145
81 149
81 152
81 153
81 156
81 161
81 163
81 164
81 166
81 173
81 179
81 180
81 182
81 183
81 187
81 188
81 194
81 197
81 198
81 199
82 83
82 87
82 88
82 89
82 91
82 92
82 93
82 101
82 107
82 113
82 117
82 122
82 125
82 126
82 127
82 130
82 134
82 139
82 143
82 146
82 151
82 154
82 159
82 166
82 167
82 169
82 171
82 174
82 178
82 181
82 186
82 188
82 189
82 195
82 196
82 198
82 199
83 84
83 98
83 99
83 100
83 102
83 105
83 108
83 110
83 111
83 112
83 113
83 114
83 115
83 116
83 117
83 118
83 120
83 124
83 131
83 134
83 135
83 143
83 145
83 147
83 148
83 152
83 157
83 160
83 164
83 171
83 180
83 185
83 187
83 189
83 192
83 195
83 196
83 197
83 198
84 85
84 87
84 93
84 96
84 108
84 109
84 112
84 118
84 119
84 122
84 123
84 130
84 136
84 139
84 150
84 151
84 152
84 157
84 159
84 165
84 171
84 181
84 184
84 186
84 187
84 190
84 197
85 86
85 88
85 89
85 91
85 92
85 100
85 103
85 109
85 110
85 112
85 120
85 126
85 130
85 141
85 142
85 143
85 146
85 148
85 149
85 151
85 157
85 159
85 166
85 168
85 178
85 187
85 191
85 197
86 87
86 94
86 96
86 99
86 100
86 107
86 108
86 111
86 112
86 113
86 118
86 120
86 123
86 125
86 126
86 128
86 130
86 131
86 136
86 139
86 140
86 141
86 142
86 143
86 146
86 147
86 150
86 156
86 157
86 161
86 169
86 173
86 181
86 182
86 183
86 184
86 191
86 195
86 197
86 198
86 200
87 88
87 91
87 92
87 93
87 95
87 97
87 98
87 99
87 101
87 102
87 107
87 111
87 113
87 114
87 119
87 121
87 122
87 125
87 128
87 129
87 133
87 138
87 139
87 140
87 144
87 145
87 148
87 151
87 152
87 155
87 158
87 169
87 170
87 172
87 176
87 177
87 182
87 183
87 184
87 186
87 187
87 198
88 89
88 93
88 97
88 98
88 99
88 100
88 101
88 103
88 106
88 107
88 109
88 111
88 112
88 113
88 114
88 116
88 117
88 121
88 124
88 127
88 130
88 135
88 139
88 140
88 155
88 160
88 161
88 169
88 170
88 172
88 173
88 174
88 177
88 178
88 179
88 182
88 185
88 194
89 90
89 91
89 95
89 100
89 101
89 104
89 107
89 112
89 115
89 131
89 132
89 133
89 136
89 142
89 147
89 148
89 150
89 152
89 154
89 155
89 157
89 158
89 161
89 164
89 165
89 166
89 169
89 177
89 180
89 182
89 188
89 193
89 195
89 196
90 91
90 92
90 93
90 98
90 99
90 104
90 106
90 112
90 113
90 114
90 116
90 125
90 136
90 142
90 146
90 150
90 151
90 153
90 157
90 158
90 160
90 164
90 169
90 172
90 176
90 179
90 182
90 184
90 185
90 186
90 189
90 190
90 193
91 92
91 100
91 105
91 116
91 123
91 126
91 129
91 130
91 131
91 132
91 133
91 138
91 139
91 141
91 146
91 148
91 152
91 154
91 162
91 165
91 167
91 174
91 176
91 181
91 183
91 184
91 185
91 187
91 191
91 194
91 199
92 93
92 94
92 96
92 98
92 100
92 103
92 112
92 115
92 117
92 118
92 123
92 124
92 126
92 128
92 130
92 132
92 136
92 138
92 139
92 142
92 148
92 149
92 150
92 154
92 162
92 164
92 172
92 177
92 185
92 188
92 190
92 194
93 94
93 96
93 97
93 100
93 102
93 104
93 109
93 110
93 115
93 122
93 125
93 126
93 127
93 128
93 130
93 132
93 149
93 150
93 152
93 155
93 157
93 162
93 163
93 166
93 167
93 172
93 174
93 187
93 188
93 189
93 190
93 197
94 95
94 99
94 107
94 108
94 112
94 118
94 120
94 124
94 129
94 130
94 131
94 132
94 138
94 139
94 144
94 145
94 151
94 153
94 155
94 156
94 159
94 164
94 167
94 170
94 172
94 176
94 185
94 191
94 193
94 195
94 196
95 96
95 98
95 100
95 104
95 106
95 107
95 111
95 112
95 127
95 130
95 133
95 142
95 143
95 147
95 153
95 158
95 159
95 160
95 164
95 168
95 170
95 172
95 175
95 177
95 178
95 179
95 181
95 183
95 192
95 196
95 197
95 198
95 200
96 97
96 103
96 113
96 118
96 119
96 121
96 125
96 128
96 134
96 135
96 140
96 144
96 145
96 153
96 154
96 155
96 158
96 162
96 164
96 166
96 170
96 173
96 175
96 177
96 180
96 182
96 184
96 186
96 188
96 191
96 193
96 194
96 196
97 98
97 112
97 113
97 114
97 118
97 120
97 123
97 124
97 128
97 131
97 133
97 134
97 136
97 137
97 138
97 139
97 141
97 146
97 149
97 153
97 154
97 156
97 160
97 162
97 163
97 170
97 172
97 176
97 177
97 178
97 185
97 188
97 192
97 195
97 196
97 199
98 99
98 101
98 106
98 107
98 112
98 115
98 118
98 120
98 123
98 124
98 130
98 136
98 138
98 142
98 143
98 144
98 145
98 146
98 148
98 151
98 164
98 165
98 170
98 178
98 179
98 186
98 191
98 192
99 100
99 101
99 105
99 108
99 109
99 111
99 114
99 115
99 116
99 118
99 121
99 123
99 125
99 127
99 128
99 129
99 130
99 137
99 138
99 142
99 145
99 148
99 151
99 152
99 153
99 154
99 159
99 160
99 163
99 167
99 168
99 169
99 172
99 174
99 177
99 178
99 179
99 182
99 183
99 185
99 187
99 188
99 192
99 199
100 101
100 104
100 108
100 109
100 112
100 121
100 122
100 123
100 124
100 128
100 131
100 133
100 136
100 148
100 156
100 164
100 168
100 172
100 177
100 178
100 181
100 183
100 185
100 187
100 189
100 194
101 102
101 104
101 106
101 108
101 110
101 118
101 120
101 127
101 128
101 131
101 134
101 137
101 140
101 141
101 147
101 152
101 154
101 155
101 157
101 162
101 165
101 173
101 174
101 181
101 182
101 183
101 184
101 195
101 197
102 103
102 104
102 111
102 113
102 116
102 121
102 123
102 125
102 128
102 130
102 131
102 135
102 136
102 139
102 141
102 142
102 149
102 153
102 154
102 158
102 162
102 163
102 165
102 169
102 170
102 174
102 175
102 176
102 177
102 178
102 180
102 183
102 192
103 104
103 107
103 108
103 109
103 112
103 115
103 124
103 126
103 129
103 131
103 133
103 147
103 149
103 153
103 156
103 160
103 171
103 175
103 176
103 182
103 183
103 184
103 185
103 193
103 195
103 196
104 105
104 106
104 111
104 114
104 117
104 118
104 119
104 120
104 125
104 131
104 132
104 133
104 135
104 136
104 141
104 143
104 144
104 145
104 146
104 150
104 153
104 156
104 158
104 159
104 160
104 161
104 166
104 167
104 168
104 177
104 178
104 181
104 189
104 191
104 192
104 200
105 106
105 107
105 109
105 113
105 114
105 115
105 120
105 124
105 127
105 133
105 138
105 139
105 141
105 142
105 145
105 146
105 149
105 151
105 153
105 157
105 159
105 162
105 169
105 171
105 172
105 177
105 178
105 179
105 181
105 183
105 189
105 190
105 196
106 107
106 112
106 113
106 115
106 118
106 120
106 124
106 126
106 129
106 136
106 137
106 138
106 139
106 143
106 144
106 145
106 146
106 147
106 148
106 150
106 152
106 153
106 154
106 164
106 165
106 166
106 167
106 173
106 178
106 180
106 183
106 190
106 191
106 192
106 194
106 198
107 108
107 110
107 116
107 117
107 120
107 123
107 132
107 138
107 145
107 149
107 153
107 163
107 164
107 169
107 172
107 176
107 177
107 178
107 183
107 188
108 109
108 111
108 114
108 120
108 124
108 127
108 135
108 136
108 145
108 146
108 158
108 161
108 162
108 163
108 164
108 180
108 181
108 187
108 192
108 194
108 197
108 198
108 199
109 110
109 115
109 119
109 120
109 122
109 123
109 126
109 130
109 132
109 139
109 141
109 142
109 149
109 150
109 151
109 153
109 160
109 165
109 173
109 175
109 177
109 180
109 181
109 182
109 186
109 190
109 200
110 111
110 113
110 118
110 123
110 124
110 134
110 137
110 139
110 143
110 144
110 145
110 149
110 150
110 151
110 156
110 160
110 162
110 165
110 167
110 170
110 171
110 172
110 173
110 176
110 177
110 183
110 187
110 191
110 194
110 196
110 197
111 112
111 113
111 114
111 125
111 135
111 139
111 143
111 144
111 145
111 149
111 153
111 156
111 158
111 160
111 163
111 165
111 170
111 171
111 172
111 173
111 174
111 175
111 181
111 186
111 189
111 190
111 191
111 199
112 113
112 115
112 116
112 117
112 124
112 131
112 136
112 146
112 147
112 150
112 155
112 156
112 160
112 161
112 165
112 167
112 168
112 170
112 171
112 172
112 174
112 179
112 180
112 181
112 186
112 187
112 189
112 190
112 193
112 197
112 198
112 199
113 114
113 115
113 117
113 118
113 119
113 120
113 121
113 129
113 132
113 139
113 141
113 142
113 143
113 144
113 147
113 153
113 154
113 157
113 158
113 166
113 174
113 183
113 184
113 193
113 195
113 196
113 198
114 115
114 122
114 129
114 139
114 143
114 153
114 154
114 158
114 162
114 163
114 165
114 176
114 177
114 180
114 183
114 187
114 191
114 193
114 195
115 116
115 118
115 124
115 131
115 134
115 148
115 151
115 160
115 161
115 166
115 171
115 172
115 173
115 177
115 179
115 180
115 185
115 191
115 192
115 193
115 194
115 195
115 198
116 117
116 119
116 120
116 122
116 124
116 127
116 128
116 129
116 133
116 134
116 136
116 138
116 139
116 148
116 151
116 157
116 158
116 166
116 167
116 170
116 182
116 185
116 186
116 187
116 192
116 193
116 194
116 195
116 197
117 118
117 125
117 131
117 134
117 144
117 146
117 148
117 150
117 151
117 152
117 157
117 159
117 161
117 164
117 166
117 180
117 182
117 184
117 185
117 190
117 192
117 193
117 196
117 198
118 119
118 123
118 130
118 141
118 142
118 150
118 153
118 163
118 165
118 166
118 168
118 172
118 173
118 178
118 179
118 187
118 188
118 190
118 192
118 193
118 197
119 120
119 121
119 130
119 136
119 137
119 140
119 141
119 142
119 143
119 148
119 150
119 154
119 155
119 156
119 158
119 162
119 164
119 172
119 173
119 175
119 177
119 184
119 187
119 188
119 189
119 190
119 194
119 199
120 121
120 133
120 134
120 138
120 141
120 147
120 148
120 149
120 150
120 156
120 158
120 160
120 169
120 172
120 173
120 174
120 176
120 177
120 180
120 181
120 183
120 184
120 186
120 189
120 200
121 122
121 128
121 129
121 130
121 136
121 137
121 138
121 141
121 142
121 144
121 147
121 153
121 157
121 158
121 165
121 169
121 170
121 171
121 177
121 178
121 179
121 181
121 193
121 195
122 123
122 124
122 128
122 132
122 136
122 145
122 146
122 147
122 150
122 152
122 155
122 157
122 160
122 165
122 168
122 174
122 179
122 182
122 188
122 193
122 196
122 199
123 124
123 126
123 127
123 128
123 130
123 137
123 143
123 149
123 152
123 155
123 156
123 158
123 161
123 164
123 166
123 167
123 172
123 173
123 177
123 178
123 179
123 180
123 183
123 185
123 192
123 194
123 197
124 125
124 126
124 128
124 136
124 137
124 138
124 139
124 140
124 141
124 142
124 150
124 151
124 152
124 154
124 155
124 157
124 164
124 167
124 168
124 174
124 176
124 178
124 179
124 184
124 193
124 194
124 196
124 197
125 126
125 129
125 133
125 139
125 141
125 142
125 145
125 146
125 148
125 150
125 159
125 160
125 168
125 171
125 172
125 173
125 174
125 176
125 184
125 185
125 186
125 190
125 191
125 193
125 200
126 127
126 129
126 134
126 135
126 136
126 137
126 148
126 149
126 151
126 153
126 154
126 155
126 160
126 165
126 169
126 171
126 172
126 176
126 177
126 178
126 179
126 182
126 183
126 184
126 187
126 191
126 192
126 193
126 197
126 199
127 128
127 133
127 137
127 138
127 139
127 144
127 147
127 150
127 151
127 156
127 160
127 161
127 162
127 165
127 168
127 169
127 172
127 182
127 184
127 186
127 189
127 192
127 195
128 129
128 130
128 137
128 158
128 160
128 161
128 171
128 176
128 179
128 183
128 185
128 192
128 196
128 197
128 198
129 130
129 134
129 138
129 141
129 144
129 147
129 152
129 154
129 159
129 160
129 166
129 171
129 173
129 176
129 177
129 179
129 180
129 184
129 192
129 194
129 199
130 131
130 135
130 136
130 137
130 146
130 148
130 149
130 154
130 156
130 158
130 161
130 162
130 163
130 165
130 175
130 178
130 180
130 187
130 193
130 194
130 198
130 200
131 132
131 133
131 138
131 139
131 142
131 143
131 149
131 150
131 156
131 157
131 160
131 170
131 172
131 173
131 174
131 177
131 179
131 180
131 182
131 192
131 194
131 197
132 133
132 138
132 139
132 141
132 142
132 148
132 151
132 152
132 154
132 168
132 171
132 174
132 175
132 176
132 177
132 185
132 189
132 193
132 194
132 199
133 134
133 138
133 144
133 145
133 149
133 152
133 155
133 156
133 161
133 165
133 166
133 174
133 175
133 183
133 185
133 186
133 187
133 189
133 191
133 193
133 195
133 198
133 199
134 135
134 136
134 138
134 139
134 141
134 168
134 172
134 173
134 179
134 180
134 181
134 183
134 184
134 185
134 189
134 190
134 199
135 136
135 146
135 148
135 151
135 154
135 156
135 159
135 162
135 166
135 168
135 170
135 172
135 174
135 176
135 180
135 188
135 189
135 194
136 137
136 138
136 144
136 146
136 153
136 156
136 160
136 164
136 165
136 172
136 173
136 177
136 181
136 182
136 186
136 188
136 190
136 194
137 138
137 142
137 144
137 150
137 154
137 156
137 158
137 161
137 164
137 171
137 173
137 190
137 191
137 198
138 139
138 143
138 144
138 147
138 148
138 149
138 156
138 162
138 165
138 169
138 179
138 183
138 184
138 185
138 188
138 196
138 198
138 199
138 200
139 140
139 143
139 144
139 145
139 148
139 149
139 159
139 164
139 170
139 175
139 176
139 181
139 182
139 185
139 187
139 188
139 190
139 192
139 199
140 141
140 143
140 144
140 149
140 152
140 155
140 156
140 157
140 162
140 172
140 173
140 174
140 175
140 176
140 181
140 183
140 187
140 188
140 192
140 195
140 197
140 198
141 142
141 143
141 145
141 148
141 153
141 157
141 158
141 161
141 162
141 163
141 164
141 168
141 169
141 170
141 175
141 177
141 180
141 181
141 183
141 185
141 188
141 192
141 194
141 195
141 196
141 197
141 200
142 143
142 157
142 158
142 162
142 164
142 172
142 175
142 178
142 179
142 180
142 188
142 192
142 193
142 194
142 199
143 144
143 145
143 149
143 150
143 154
143 157
143 166
143 173
143 180
143 183
143 184
143 187
143 191
143 198
144 145
144 156
144 158
144 159
144 161
144 163
144 164
144 176
144 177
144 180
144 187
144 189
144 197
145 146
145 150
145 151
145 152
145 156
145 160
145 164
145 172
145 185
145 193
145 198
146 147
146 149
146 150
146 151
146 153
146 156
146 163
146 164
146 167
146 169
146 170
146 175
146 176
146 177
146 181
146 182
146 184
146 185
146 186
146 200
147 148
147 149
147 151
147 153
147 166
147 168
147 170
147 174
147 178
147 182
147 183
147 186
147 192
147 197
148 149
148 153
148 156
148 157
148 159
148 166
148 167
148 173
148 174
148 178
148 181
148 182
148 195
148 197
149 150
149 155
149 157
149 159
149 161
149 162
149 163
149 164
149 165
149 167
149 168
149 169
149 171
149 172
149 173
149 174
149 177
149 189
149 190
149 194
149 198
150 151
150 153
150 154
150 159
150 160
150 164
150 168
150 173
150 174
150 175
150 176
150 181
150 182
150 191
150 192
150 193
150 196
150 198
151 152
151 155
151 156
151 157
151 158
151 161
151 164
151 167
151 172
151 175
151 179
151 181
151 188
151 192
151 197
151 199
152 153
152 157
152 162
152 164
152 171
152 175
152 177
152 182
152 186
152 187
152 190
152 191
152 193
152 194
152 195
152 197
152 199
153 154
153 165
153 169
153 173
153 175
153 178
153 191
153 195
153 200
154 155
154 157
154 158
154 159
154 160
154 171
154 182
154 190
154 192
154 194
154 199
155 156
155 158
155 159
155 160
155 165
155 166
155 177
155 184
155 189
155 192
156 157
156 159
156 162
156 173
156 174
156 179
156 184
156 195
156 199
157 158
157 159
157 164
157 174
157 175
157 184
157 187
157 188
157 189
157 196
157 197
157 198
158 159
158 162
158 163
158 164
158 166
158 176
158 184
158 188
158 190
158 192
158 194
158 198
158 199
158 200
159 160
159 162
159 166
159 167
159 170
159 176
159 178
159 185
159 187
159 189
159 194
159 196
159 197
160 161
160 163
160 164
160 165
160 167
160 168
160 170
160 172
160 176
160 177
160 180
160 185
160 190
160 192
160 194
160 196
160 199
161 162
161 168
161 169
161 173
161 176
161 180
161 181
161 185
161 187
161 188
161 192
161 196
161 200
162 163
162 165
162 171
162 176
162 177
162 178
162 181
162 189
163 164
163 165
163 168
163 169
163 177
163 178
163 182
163 183
163 187
163 194
163 195
163 196
163 200
164 165
164 169
164 171
164 172
164 175
164 185
164 191
164 196
164 200
165 166
165 171
165 172
165 180
165 181
165 183
165 184
165 185
166 167
166 169
166 171
166 175
166 176
166 179
166 180
166 181
166 182
166 187
166 188
166 190
166 198
166 200
167 168
167 170
167 173
167 177
167 180
167 183
167 191
167 193
168 169
168 177
168 183
168 188
168 190
168 191
168 193
169 170
169 171
169 179
169 180
169 181
169 182
169 184
169 191
170 171
170 173
170 175
170 176
170 177
170 179
170 188
170 189
170 191
170 197
170 200
171 172
171 174
171 177
171 178
171 186
171 189
171 190
171 192
171 194
171 196
171 197
172 173
172 175
172 179
172 180
172 187
172 188
172 191
172 192
172 193
172 197
172 199
173 174
173 175
173 177
173 182
173 188
173 189
173 192
174 175
174 178
174 182
174 186
174 189
174 199
175 176
175 177
175 178
175 186
175 196
176 177
176 178
176 182
176 183
176 193
176 199
177 178
177 187
177 192
177 195
177 196
177 198
177 200
178 179
178 182
178 184
178 192
178 195
178 197
179 180
179 181
179 187
179 190
179 192
179 194
179 197
179 198
179 199
180 181
180 182
180 185
180 190
180 191
180 192
180 197
181 182
181 184
181 186
181 187
181 189
182 183
182 186
182 190
182 192
182 196
182 197
182 198
183 184
183 185
183 187
183 188
183 194
183 195
183 197
183 199
183 200
184 185
184 192
184 199
185 186
185 187
185 188
185 192
185 193
185 198
185 199
186 187
186 188
186 190
186 194
186 196
187 188
187 190
187 193
187 197
188 189
189 190
189 191
190 191
190 194
190 195
190 197
191 192
191 198
192 193
192 194
192 196
193 194
193 195
193 199
194 195
194 199
195 196
195 200
196 197
196 198
196 200
197 198
197 199
198 199
199 200
