200 13930
1 2
1 4
1 10
1 11
1 12
1 15
1 16
1 17
1 19
1 21
1 22
1 26
1 27
1 31
1 37
1 38
1 42
1 43
1 44
1 46
1 48
1 49
1 50
1 51
1 57
1 58
1 59
1 60
1 61
1 62
1 68
1 73
1 78
1 79
1 80
1 83
1 87
1 89
1 91
1 93
1 97
1 98
1 99
1 101
1 105
1 106
1 109
1 110
1 111
1 116
1 117
1 118
1 119
1 120
1 124
1 125
1 126
1 129
1 130
1 135
1 136
1 138
1 139
1 140
1 144
1 146
1 147
1 149
1 151
1 153
1 154
1 156
1 157
1 158
1 160
1 161
1 163
1 164
1 165
1 166
1 168
1 169
1 172
1 173
1 175
1 176
1 182
1 183
1 188
1 191
1 192
1 194
1 195
1 196
1 198
1 199
2 3
2 4
2 5
2 6
2 8
2 9
2 12
2 15
2 16
2 17
2 18
2 20
2 21
2 24
2 25
2 27
2 29
2 30
2 31
2 34
2 35
2 36
2 37
2 38
2 39
2 40
2 41
2 42
2 43
2 45
2 46
2 47
2 48
2 49
2 50
2 51
2 53
2 54
2 55
2 56
2 58
2 60
2 61
2 62
2 63
2 64
2 65
2 66
2 67
2 68
2 69
2 70
2 72
2 73
2 76
2 77
2 78
2 79
2 80
2 81
2 82
2 84
2 86
2 87
2 88
2 90
2 93
2 94
2 96
2 97
2 99
2 103
2 107
2 109
2 110
2 111
2 113
2 114
2 115
2 119
2 122
2 123
2 124
2 125
2 126
2 127
2 130
2 131
2 132
2 133
2 135
2 136
2 137
2 140
2 141
2 142
2 143
2 144
2 145
2 146
2 148
2 149
2 150
2 153
2 154
2 155
2 156
2 158
2 160
2 163
2 166
2 168
2 169
2 171
2 172
2 173
2 174
2 175
2 176
2 177
2 178
2 179
2 180
2 181
2 182
2 184
2 186
2 187
2 188
2 190
2 191
2 196
2 197
2 198
2 199
3 4
3 5
3 6
3 7
3 8
3 9
3 10
3 12
3 14
3 15
3 16
3 17
3 18
3 19
3 20
3 21
3 22
3 23
3 24
3 25
3 27
3 29
3 30
3 31
3 34
3 35
3 37
3 38
3 39
3 40
3 41
3 42
3 43
3 45
3 47
3 48
3 49
3 50
3 52
3 56
3 57
3 58
3 59
3 60
3 61
3 63
3 65
3 66
3 67
3 68
3 70
3 71
3 72
3 73
3 74
3 75
3 77
3 78
3 80
3 81
3 82
3 83
3 84
3 85
3 87
3 89
3 91
3 93
3 94
3 96
3 98
3 99
3 100
3 101
3 102
3 103
3 104
3 105
3 108
3 109
3 110
3 111
3 112
3 113
3 114
3 115
3 116
3 117
3 118
3 119
3 120
3 121
3 122
3 124
3 125
3 126
3 127
3 128
3 129
3 130
3 133
3 134
3 135
3 137
3 138
3 141
3 142
3 143
3 146
3 147
3 149
3 150
3 152
3 153
3 154
3 155
3 158
3 159
3 160
3 161
3 162
3 165
3 167
3 169
3 170
3 171
3 172
3 173
3 176
3 177
3 178
3 179
3 180
3 181
3 183
3 184
3 185
3 186
3 190
3 192
3 194
3 196
3 198
3 199
4 5
4 9
4 11
4 12
4 13
4 14
4 15
4 17
4 18
4 19
4 20
4 21
4 22
4 24
4 26
4 27
4 28
4 29
4 32
4 33
4 34
4 35
4 36
4 40
4 42
4 43
4 45
4 46
4 48
4 49
4 50
4 52
4 55
4 56
4 60
4 61
4 64
4 65
4 66
4 67
4 68
4 71
4 72
4 74
4 77
4 79
4 80
4 81
4 82
4 83
4 85
4 86
4 88
4 89
4 90
4 91
4 93
4 94
4 95
4 96
4 98
4 103
4 105
4 106
4 109
4 110
4 111
4 112
4 113
4 115
4 116
4 117
4 118
4 120
4 121
4 122
4 124
4 125
4 127
4 128
4 135
4 136
4 137
4 138
4 139
4 140
4 141
4 143
4 144
4 145
4 146
4 148
4 149
4 150
4 152
4 153
4 155
4 156
4 157
4 159
4 160
4 161
4 162
4 163
4 165
4 166
4 168
4 169
4 172
4 173
4 174
4 175
4 176
4 178
4 179
4 181
4 182
4 183
4 184
4 185
4 186
4 187
4 190
4 192
4 194
4 195
4 196
4 197
5 6
5 7
5 8
5 9
5 11
5 12
5 14
5 15
5 16
5 19
5 21
5 22
5 28
5 29
5 32
5 33
5 34
5 38
5 39
5 41
5 42
5 43
5 44
5 45
5 46
5 47
5 49
5 51
5 52
5 53
5 54
5 55
5 56
5 57
5 59
5 61
5 62
5 65
5 66
5 67
5 68
5 69
5 71
5 73
5 74
5 76
5 77
5 80
5 81
5 82
5 83
5 84
5 85
5 86
5 87
5 88
5 89
5 91
5 92
5 95
5 96
5 97
5 98
5 99
5 101
5 103
5 105
5 106
5 107
5 111
5 112
5 115
5 116
5 117
5 118
5 119
5 120
5 121
5 122
5 123
5 125
5 127
5 129
5 130
5 134
5 135
5 136
5 137
5 138
5 140
5 141
5 142
5 146
5 147
5 148
5 150
5 152
5 154
5 155
5 157
5 158
5 160
5 161
5 162
5 163
5 165
5 166
5 169
5 170
5 172
5 173
5 174
5 175
5 176
5 177
5 178
5 179
5 180
5 189
5 190
5 191
5 193
5 194
5 195
5 196
5 197
5 198
5 199
5 200
6 7
6 8
6 9
6 10
6 11
6 12
6 13
6 15
6 16
6 18
6 19
6 20
6 23
6 25
6 28
6 29
6 30
6 31
6 32
6 33
6 34
6 36
6 37
6 38
6 39
6 40
6 41
6 42
6 44
6 46
6 47
6 49
6 50
6 51
6 52
6 54
6 59
6 61
6 62
6 63
6 64
6 69
6 72
6 77
6 78
6 79
6 80
6 81
6 83
6 84
6 87
6 88
6 89
6 90
6 92
6 93
6 96
6 97
6 98
6 99
6 100
6 101
6 102
6 103
6 104
6 106
6 108
6 109
6 110
6 111
6 112
6 113
6 114
6 116
6 117
6 118
6 120
6 121
6 123
6 124
6 125
6 127
6 128
6 129
6 130
6 131
6 132
6 133
6 134
6 135
6 136
6 137
6 140
6 141
6 142
6 144
6 145
6 146
6 147
6 150
6 153
6 154
6 155
6 156
6 157
6 159
6 160
6 161
6 163
6 164
6 166
6 168
6 169
6 170
6 171
6 172
6 173
6 174
6 176
6 177
6 178
6 179
6 182
6 183
6 184
6 185
6 186
6 187
6 188
6 191
6 192
6 193
6 194
6 195
6 198
7 8
7 9
7 10
7 11
7 13
7 14
7 17
7 19
7 21
7 23
7 24
7 25
7 27
7 28
7 29
7 30
7 32
7 34
7 35
7 36
7 37
7 38
7 39
7 40
7 41
7 42
7 43
7 44
7 47
7 48
7 49
7 52
7 53
7 54
7 55
7 56
7 57
7 58
7 59
7 60
7 61
7 62
7 64
7 65
7 69
7 70
7 73
7 75
7 76
7 77
7 80
7 81
7 82
7 83
7 85
7 86
7 87
7 88
7 89
7 91
7 93
7 94
7 96
7 97
7 101
7 102
7 104
7 106
7 108
7 109
7 111
7 112
7 113
7 115
7 117
7 118
7 119
7 120
7 121
7 123
7 124
7 126
7 127
7 129
7 130
7 132
7 133
7 134
7 135
7 136
7 137
7 138
7 139
7 141
7 142
7 146
7 147
7 148
7 149
7 150
7 151
7 152
7 154
7 155
7 156
7 157
7 158
7 159
7 160
7 161
7 162
7 163
7 164
7 165
7 166
7 167
7 169
7 170
7 171
7 172
7 173
7 175
7 176
7 177
7 180
7 181
7 182
7 184
7 185
7 186
7 187
7 188
7 189
7 190
7 191
7 193
7 195
7 196
7 198
8 9
8 10
8 13
8 14
8 15
8 16
8 17
8 19
8 20
8 21
8 22
8 23
8 24
8 25
8 27
8 28
8 29
8 33
8 34
8 35
8 36
8 37
8 39
8 40
8 41
8 42
8 43
8 44
8 45
8 46
8 47
8 48
8 49
8 50
8 51
8 52
8 55
8 57
8 58
8 59
8 60
8 61
8 62
8 65
8 66
8 67
8 68
8 69
8 70
8 73
8 76
8 77
8 81
8 82
8 83
8 84
8 85
8 86
8 87
8 89
8 92
8 93
8 94
8 96
8 97
8 98
8 100
8 101
8 103
8 104
8 105
8 107
8 109
8 112
8 113
8 114
8 115
8 116
8 117
8 118
8 119
8 120
8 121
8 122
8 123
8 124
8 126
8 128
8 130
8 133
8 134
8 135
8 136
8 137
8 139
8 140
8 141
8 142
8 143
8 144
8 146
8 147
8 148
8 149
8 150
8 152
8 157
8 159
8 160
8 161
8 162
8 163
8 166
8 167
8 168
8 169
8 170
8 171
8 172
8 174
8 175
8 176
8 177
8 178
8 179
8 180
8 181
8 182
8 183
8 184
8 185
8 187
8 188
8 189
8 190
8 191
8 192
8 194
8 196
8 197
8 200
9 10
9 11
9 12
9 14
9 15
9 18
9 19
9 20
9 22
9 23
9 25
9 29
9 30
9 31
9 32
9 34
9 35
9 36
9 37
9 40
9 41
9 43
9 44
9 45
9 46
9 47
9 48
9 49
9 51
9 52
9 53
9 55
9 56
9 59
9 60
9 61
9 62
9 63
9 64
9 65
9 66
9 67
9 68
9 69
9 71
9 72
9 73
9 74
9 77
9 78
9 79
9 80
9 81
9 82
9 83
9 84
9 87
9 89
9 90
9 91
9 92
9 96
9 98
9 100
9 102
9 103
9 105
9 106
9 107
9 108
9 109
9 110
9 111
9 112
9 115
9 117
9 118
9 119
9 120
9 121
9 122
9 123
9 124
9 126
9 128
9 129
9 130
9 131
9 132
9 133
9 134
9 135
9 136
9 137
9 140
9 141
9 143
9 144
9 145
9 146
9 149
9 150
9 152
9 153
9 154
9 155
9 156
9 158
9 159
9 160
9 162
9 163
9 164
9 166
9 167
9 168
9 169
9 170
9 172
9 175
9 177
9 179
9 181
9 183
9 184
9 185
9 187
9 188
9 189
9 190
9 191
9 193
9 194
9 195
9 196
9 197
10 11
10 12
10 13
10 14
10 15
10 17
10 19
10 20
10 21
10 22
10 27
10 29
10 30
10 31
10 32
10 33
10 35
10 36
10 37
10 38
10 39
10 40
10 42
10 43
10 44
10 47
10 48
10 49
10 50
10 51
10 52
10 54
10 55
10 56
10 57
10 58
10 60
10 63
10 64
10 65
10 68
10 70
10 71
10 72
10 73
10 74
10 75
10 76
10 77
10 78
10 79
10 81
10 82
10 84
10 86
10 87
10 88
10 89
10 90
10 92
10 93
10 94
10 95
10 102
10 104
10 105
10 106
10 108
10 109
10 110
10 111
10 113
10 114
10 115
10 117
10 118
10 120
10 123
10 124
10 125
10 126
10 127
10 129
10 130
10 131
10 132
10 133
10 134
10 135
10 136
10 137
10 139
10 140
10 142
10 143
10 144
10 145
10 146
10 147
10 148
10 150
10 151
10 153
10 154
10 155
10 158
10 159
10 160
10 162
10 163
10 164
10 166
10 167
10 170
10 171
10 172
10 173
10 174
10 175
10 176
10 178
10 181
10 184
10 185
10 186
10 189
10 190
10 191
10 192
10 193
10 194
10 195
10 196
10 197
10 199
11 12
11 13
11 14
11 15
11 16
11 17
11 19
11 21
11 23
11 24
11 25
11 27
11 28
11 29
11 30
11 31
11 32
11 33
11 34
11 36
11 37
11 38
11 39
11 40
11 41
11 42
11 43
11 44
11 48
11 49
11 50
11 51
11 52
11 53
11 54
11 55
11 56
11 57
11 59
11 60
11 61
11 63
11 64
11 65
11 68
11 69
11 70
11 71
11 74
11 77
11 78
11 79
11 80
11 81
11 82
11 83
11 84
11 85
11 87
11 88
11 89
11 91
11 92
11 96
11 97
11 98
11 99
11 100
11 101
11 102
11 103
11 105
11 109
11 110
11 113
11 114
11 115
11 117
11 118
11 119
11 120
11 121
11 124
11 125
11 126
11 127
11 128
11 129
11 130
11 131
11 133
11 135
11 136
11 138
11 139
11 140
11 141
11 143
11 144
11 145
11 147
11 150
11 152
11 153
11 154
11 155
11 156
11 158
11 161
11 162
11 163
11 164
11 165
11 167
11 168
11 171
11 172
11 175
11 176
11 178
11 179
11 180
11 181
11 182
11 183
11 184
11 185
11 186
11 187
11 188
11 191
11 192
11 193
11 194
11 195
11 196
11 197
11 198
12 13
12 14
12 15
12 17
12 18
12 19
12 20
12 23
12 24
12 26
12 28
12 29
12 31
12 32
12 33
12 34
12 36
12 37
12 38
12 41
12 42
12 43
12 44
12 45
12 46
12 48
12 49
12 51
12 53
12 55
12 57
12 60
12 61
12 63
12 64
12 65
12 66
12 67
12 68
12 69
12 70
12 71
12 72
12 73
12 74
12 75
12 77
12 78
12 79
12 86
12 87
12 89
12 91
12 92
12 93
12 96
12 97
12 98
12 100
12 103
12 104
12 106
12 107
12 109
12 110
12 111
12 112
12 115
12 117
12 118
12 121
12 122
12 123
12 125
12 129
12 131
12 134
12 135
12 136
12 138
12 139
12 140
12 141
12 143
12 146
12 147
12 149
12 150
12 152
12 153
12 154
12 155
12 160
12 161
12 162
12 163
12 164
12 166
12 167
12 168
12 170
12 173
12 178
12 179
12 182
12 183
12 186
12 188
12 189
12 190
12 191
12 192
12 193
12 195
12 199
13 14
13 16
13 17
13 18
13 19
13 21
13 22
13 23
13 24
13 25
13 27
13 28
13 30
13 32
13 33
13 35
13 37
13 39
13 41
13 42
13 45
13 46
13 47
13 48
13 52
13 53
13 55
13 56
13 57
13 59
13 60
13 61
13 63
13 64
13 69
13 70
13 71
13 74
13 75
13 76
13 77
13 78
13 79
13 80
13 81
13 82
13 83
13 84
13 85
13 86
13 87
13 89
13 90
13 92
13 93
13 96
13 97
13 99
13 100
13 101
13 102
13 103
13 105
13 106
13 108
13 110
13 111
13 112
13 113
13 114
13 115
13 116
13 117
13 118
13 119
13 120
13 122
13 123
13 124
13 126
13 128
13 130
13 132
13 133
13 134
13 135
13 137
13 138
13 139
13 140
13 141
13 143
13 145
13 146
13 147
13 148
13 149
13 150
13 151
13 152
13 153
13 154
13 160
13 162
13 163
13 164
13 166
13 167
13 169
13 172
13 175
13 176
13 177
13 178
13 179
13 180
13 181
13 182
13 183
13 184
13 186
13 188
13 189
13 190
13 191
13 193
13 194
13 195
13 196
13 197
13 198
13 199
14 15
14 16
14 17
14 18
14 19
14 22
14 24
14 25
14 26
14 27
14 28
14 30
14 32
14 33
14 34
14 35
14 36
14 37
14 38
14 39
14 41
14 42
14 43
14 44
14 45
14 46
14 48
14 49
14 50
14 51
14 52
14 53
14 54
14 56
14 57
14 59
14 60
14 61
14 62
14 63
14 64
14 65
14 66
14 67
14 68
14 69
14 70
14 71
14 72
14 73
14 74
14 75
14 76
14 77
14 78
14 79
14 80
14 82
14 83
14 84
14 85
14 86
14 87
14 91
14 93
14 94
14 95
14 97
14 98
14 99
14 100
14 102
14 103
14 104
14 105
14 106
14 107
14 108
14 109
14 110
14 113
14 114
14 116
14 117
14 119
14 120
14 122
14 123
14 125
14 127
14 128
14 129
14 130
14 131
14 132
14 133
14 134
14 135
14 136
14 138
14 140
14 142
14 143
14 144
14 145
14 148
14 149
14 151
14 153
14 155
14 156
14 157
14 158
14 159
14 161
14 162
14 163
14 164
14 165
14 166
14 167
14 168
14 169
14 170
14 171
14 172
14 173
14 174
14 176
14 179
14 180
14 181
14 183
14 184
14 185
14 186
14 187
14 189
14 190
14 191
14 192
14 193
14 194
14 195
14 196
14 197
14 199
14 200
15 16
15 17
15 18
15 19
15 20
15 21
15 22
15 25
15 26
15 27
15 28
15 29
15 30
15 31
15 32
15 33
15 34
15 35
15 37
15 38
15 39
15 40
15 41
15 42
15 43
15 44
15 45
15 46
15 47
15 49
15 50
15 53
15 55
15 57
15 58
15 60
15 62
15 63
15 64
15 65
15 66
15 67
15 68
15 70
15 71
15 74
15 77
15 78
15 79
15 80
15 81
15 82
15 83
15 84
15 88
15 90
15 91
15 92
15 93
15 97
15 98
15 100
15 103
15 104
15 105
15 107
15 108
15 110
15 113
15 114
15 115
15 116
15 117
15 118
15 120
15 121
15 123
15 124
15 127
15 128
15 129
15 130
15 131
15 132
15 133
15 134
15 136
15 138
15 139
15 140
15 141
15 143
15 144
15 145
15 146
15 149
15 152
15 153
15 155
15 158
15 159
15 162
15 164
15 165
15 166
15 167
15 168
15 169
15 171
15 173
15 174
15 176
15 177
15 179
15 180
15 181
15 182
15 185
15 186
15 187
15 188
15 191
15 192
15 194
15 197
15 198
16 17
16 18
16 19
16 20
16 21
16 23
16 26
16 27
16 28
16 29
16 31
16 34
16 35
16 36
16 37
16 38
16 39
16 40
16 43
16 45
16 46
16 47
16 48
16 49
16 51
16 54
16 55
16 56
16 57
16 59
16 60
16 61
16 64
16 65
16 66
16 68
16 70
16 72
16 74
16 75
16 78
16 81
16 82
16 84
16 87
16 90
16 91
16 92
16 93
16 94
16 95
16 97
16 98
16 99
16 100
16 101
16 103
16 105
16 106
16 110
16 112
16 113
16 114
16 116
16 119
16 120
16 121
16 122
16 124
16 125
16 128
16 129
16 130
16 131
16 132
16 133
16 134
16 135
16 136
16 137
16 139
16 140
16 141
16 144
16 145
16 146
16 147
16 148
16 149
16 151
16 155
16 156
16 157
16 158
16 159
16 161
16 162
16 163
16 166
16 167
16 169
16 170
16 172
16 174
16 175
16 176
16 178
16 179
16 180
16 181
16 183
16 184
16 185
16 186
16 187
16 189
16 191
16 192
16 193
16 195
16 197
16 198
17 18
17 20
17 21
17 23
17 24
17 25
17 26
17 29
17 30
17 31
17 32
17 33
17 34
17 35
17 36
17 38
17 39
17 41
17 42
17 43
17 44
17 46
17 47
17 48
17 50
17 51
17 52
17 53
17 54
17 55
17 56
17 59
17 61
17 62
17 63
17 64
17 67
17 68
17 69
17 71
17 73
17 74
17 75
17 76
17 77
17 78
17 79
17 81
17 83
17 85
17 86
17 87
17 88
17 89
17 90
17 92
17 93
17 95
17 96
17 97
17 100
17 101
17 103
17 104
17 105
17 107
17 108
17 110
17 111
17 112
17 113
17 114
17 117
17 119
17 120
17 121
17 122
17 123
17 124
17 127
17 128
17 129
17 130
17 133
17 134
17 135
17 137
17 138
17 139
17 140
17 142
17 143
17 145
17 146
17 148
17 149
17 151
17 152
17 155
17 156
17 157
17 158
17 159
17 160
17 164
17 165
17 166
17 167
17 168
17 169
17 170
17 171
17 173
17 174
17 176
17 177
17 179
17 180
17 182
17 184
17 185
17 186
17 188
17 189
17 190
17 192
17 193
17 194
17 195
17 196
17 197
18 19
18 21
18 22
18 23
18 24
18 25
18 26
18 27
18 30
18 31
18 32
18 34
18 35
18 36
18 37
18 38
18 39
18 40
18 41
18 42
18 43
18 46
18 50
18 51
18 52
18 53
18 54
18 56
18 57
18 59
18 61
18 63
18 64
18 65
18 66
18 67
18 68
18 70
18 72
18 73
18 74
18 76
18 80
18 82
18 84
18 85
18 86
18 89
18 90
18 91
18 92
18 93
18 94
18 95
18 96
18 97
18 98
18 99
18 101
18 102
18 104
18 105
18 106
18 107
18 108
18 109
18 110
18 111
18 112
18 113
18 114
18 115
18 116
18 117
18 119
18 120
18 121
18 123
18 125
18 126
18 127
18 128
18 130
18 132
18 133
18 134
18 135
18 136
18 139
18 140
18 141
18 142
18 143
18 144
18 145
18 146
18 149
18 150
18 151
18 152
18 153
18 154
18 155
18 157
18 158
18 162
18 164
18 166
18 167
18 168
18 169
18 170
18 173
18 174
18 176
18 177
18 178
18 179
18 181
18 182
18 183
18 184
18 185
18 188
18 189
18 190
18 193
18 194
18 196
18 197
19 20
19 21
19 22
19 24
19 27
19 28
19 30
19 32
19 34
19 35
19 36
19 37
19 38
19 39
19 40
19 43
19 44
19 45
19 47
19 48
19 50
19 51
19 53
19 54
19 55
19 56
19 57
19 58
19 59
19 60
19 61
19 63
19 64
19 66
19 67
19 69
19 71
19 72
19 73
19 77
19 78
19 79
19 82
19 83
19 84
19 85
19 86
19 87
19 88
19 89
19 90
19 91
19 92
19 93
19 94
19 97
19 99
19 100
19 101
19 103
19 104
19 107
19 111
19 112
19 113
19 115
19 116
19 118
19 119
19 121
19 122
19 123
19 124
19 126
19 127
19 129
19 130
19 132
19 133
19 134
19 136
19 137
19 138
19 139
19 140
19 142
19 143
19 144
19 146
19 148
19 149
19 150
19 151
19 153
19 155
19 156
19 157
19 158
19 159
19 160
19 161
19 165
19 166
19 167
19 168
19 169
19 171
19 172
19 173
19 174
19 175
19 176
19 177
19 178
19 179
19 180
19 182
19 183
19 185
19 186
19 189
19 190
19 191
19 193
19 195
19 196
19 197
20 21
20 23
20 24
20 27
20 28
20 29
20 30
20 31
20 32
20 33
20 35
20 37
20 38
20 39
20 40
20 41
20 43
20 44
20 45
20 46
20 47
20 48
20 49
20 50
20 51
20 52
20 54
20 56
20 57
20 58
20 59
20 60
20 61
20 62
20 63
20 64
20 66
20 67
20 69
20 70
20 72
20 74
20 75
20 77
20 78
20 79
20 80
20 81
20 82
20 83
20 84
20 85
20 86
20 87
20 91
20 92
20 93
20 94
20 95
20 96
20 97
20 98
20 100
20 101
20 102
20 103
20 104
20 105
20 107
20 108
20 110
20 111
20 112
20 113
20 114
20 116
20 117
20 118
20 119
20 121
20 123
20 124
20 125
20 126
20 129
20 131
20 133
20 134
20 135
20 136
20 137
20 139
20 140
20 141
20 142
20 143
20 146
20 147
20 149
20 151
20 152
20 153
20 154
20 155
20 156
20 158
20 159
20 161
20 162
20 163
20 164
20 165
20 166
20 167
20 169
20 171
20 172
20 174
20 178
20 179
20 180
20 181
20 182
20 183
20 184
20 185
20 187
20 188
20 189
20 191
20 192
20 193
20 194
20 195
20 197
21 22
21 23
21 24
21 27
21 29
21 31
21 33
21 34
21 35
21 36
21 37
21 38
21 39
21 40
21 42
21 43
21 44
21 45
21 46
21 48
21 49
21 50
21 52
21 54
21 55
21 56
21 58
21 59
21 60
21 61
21 62
21 63
21 64
21 65
21 66
21 67
21 69
21 70
21 71
21 72
21 74
21 75
21 76
21 78
21 80
21 81
21 82
21 83
21 84
21 86
21 88
21 91
21 93
21 94
21 95
21 96
21 98
21 100
21 101
21 102
21 103
21 104
21 105
21 107
21 108
21 111
21 112
21 114
21 116
21 118
21 120
21 121
21 124
21 125
21 127
21 128
21 130
21 131
21 132
21 133
21 135
21 138
21 139
21 140
21 143
21 144
21 145
21 146
21 147
21 149
21 152
21 153
21 154
21 156
21 157
21 158
21 159
21 161
21 162
21 163
21 164
21 165
21 166
21 167
21 168
21 170
21 173
21 174
21 175
21 176
21 179
21 180
21 182
21 183
21 184
21 185
21 186
21 187
21 188
21 189
21 190
21 191
21 192
21 193
21 194
21 195
21 196
21 197
21 198
21 199
22 23
22 24
22 26
22 27
22 28
22 30
22 31
22 33
22 36
22 40
22 41
22 42
22 43
22 44
22 46
22 47
22 48
22 50
22 52
22 54
22 56
22 58
22 59
22 62
22 63
22 64
22 65
22 66
22 68
22 70
22 71
22 72
22 74
22 75
22 76
22 78
22 80
22 81
22 82
22 83
22 84
22 85
22 87
22 89
22 91
22 93
22 95
22 96
22 101
22 102
22 103
22 104
22 105
22 106
22 108
22 109
22 111
22 112
22 113
22 114
22 116
22 118
22 119
22 124
22 125
22 126
22 127
22 130
22 131
22 132
22 133
22 134
22 135
22 138
22 141
22 142
22 144
22 145
22 146
22 147
22 148
22 150
22 151
22 152
22 153
22 154
22 155
22 156
22 157
22 158
22 159
22 161
22 162
22 163
22 164
22 165
22 166
22 167
22 168
22 170
22 171
22 172
22 173
22 174
22 176
22 178
22 179
22 180
22 181
22 182
22 185
22 187
22 189
22 190
22 191
22 193
22 194
22 195
22 196
22 198
22 200
23 24
23 27
23 28
23 29
23 30
23 31
23 32
23 34
23 35
23 36
23 37
23 39
23 40
23 42
23 43
23 44
23 45
23 46
23 47
23 53
23 54
23 56
23 59
23 60
23 61
23 62
23 64
23 65
23 66
23 67
23 68
23 69
23 70
23 72
23 73
23 74
23 75
23 76
23 79
23 80
23 84
23 85
23 86
23 89
23 90
23 92
23 93
23 94
23 95
23 96
23 97
23 99
23 100
23 101
23 102
23 103
23 104
23 105
23 106
23 107
23 110
23 112
23 113
23 115
23 116
23 117
23 118
23 119
23 120
23 121
23 122
23 123
23 124
23 125
23 127
23 129
23 130
23 133
23 134
23 135
23 136
23 137
23 138
23 139
23 140
23 142
23 143
23 144
23 145
23 148
23 149
23 150
23 151
23 152
23 154
23 156
23 159
23 160
23 161
23 162
23 164
23 165
23 166
23 168
23 170
23 172
23 173
23 174
23 175
23 176
23 177
23 181
23 182
23 183
23 187
23 189
23 190
23 191
23 192
23 193
23 194
23 195
23 198
24 25
24 26
24 27
24 28
24 29
24 31
24 32
24 33
24 34
24 36
24 37
24 39
24 44
24 45
24 47
24 48
24 49
24 50
24 51
24 52
24 53
24 55
24 56
24 58
24 60
24 61
24 62
24 63
24 65
24 66
24 67
24 68
24 69
24 70
24 72
24 75
24 81
24 83
24 84
24 86
24 88
24 89
24 90
24 91
24 92
24 94
24 95
24 96
24 97
24 98
24 101
24 102
24 104
24 107
24 108
24 111
24 112
24 113
24 114
24 115
24 117
24 118
24 119
24 120
24 121
24 124
24 126
24 127
24 128
24 129
24 130
24 131
24 132
24 133
24 138
24 139
24 140
24 141
24 142
24 145
24 146
24 148
24 149
24 150
24 152
24 158
24 159
24 160
24 161
24 162
24 163
24 164
24 165
24 166
24 167
24 169
24 170
24 171
24 172
24 173
24 175
24 176
24 178
24 179
24 182
24 183
24 184
24 185
24 190
24 192
24 193
24 195
24 196
24 197
24 198
24 199
25 26
25 27
25 28
25 29
25 33
25 34
25 35
25 36
25 39
25 40
25 41
25 42
25 43
25 44
25 45
25 46
25 47
25 48
25 49
25 50
25 52
25 53
25 54
25 55
25 56
25 57
25 60
25 62
25 63
25 66
25 67
25 69
25 70
25 71
25 72
25 73
25 76
25 78
25 79
25 80
25 83
25 84
25 86
25 87
25 88
25 89
25 90
25 91
25 92
25 93
25 94
25 95
25 96
25 97
25 99
25 100
25 102
25 103
25 107
25 109
25 110
25 111
25 113
25 115
25 116
25 117
25 118
25 119
25 120
25 121
25 125
25 126
25 127
25 130
25 131
25 133
25 135
25 138
25 139
25 140
25 141
25 144
25 145
25 146
25 147
25 148
25 149
25 150
25 151
25 153
25 154
25 155
25 158
25 159
25 160
25 161
25 162
25 163
25 164
25 165
25 167
25 170
25 171
25 172
25 175
25 176
25 179
25 181
25 182
25 183
25 185
25 187
25 188
25 190
25 191
25 192
25 194
25 196
25 198
25 199
26 27
26 28
26 29
26 31
26 33
26 36
26 38
26 39
26 40
26 41
26 43
26 44
26 45
26 46
26 47
26 48
26 49
26 50
26 52
26 53
26 54
26 55
26 56
26 57
26 58
26 59
26 61
26 62
26 63
26 64
26 65
26 66
26 67
26 68
26 69
26 70
26 71
26 72
26 73
26 74
26 75
26 77
26 78
26 79
26 80
26 81
26 82
26 83
26 84
26 85
26 87
26 90
26 91
26 92
26 93
26 94
26 96
26 97
26 98
26 99
26 101
26 102
26 103
26 106
26 107
26 108
26 109
26 111
26 113
26 114
26 115
26 116
26 117
26 118
26 119
26 120
26 121
26 125
26 127
26 130
26 132
26 134
26 135
26 137
26 138
26 139
26 140
26 141
26 142
26 145
26 146
26 147
26 148
26 149
26 154
26 155
26 156
26 157
26 158
26 160
26 161
26 162
26 163
26 164
26 165
26 166
26 167
26 168
26 169
26 170
26 171
26 173
26 174
26 176
26 178
26 179
26 181
26 183
26 184
26 185
26 186
26 187
26 190
26 191
26 192
26 193
26 194
26 196
26 198
26 199
27 28
27 29
27 30
27 31
27 32
27 34
27 35
27 36
27 37
27 39
27 42
27 44
27 48
27 49
27 50
27 51
27 52
27 53
27 54
27 56
27 57
27 58
27 59
27 62
27 64
27 66
27 67
27 68
27 69
27 72
27 74
27 75
27 76
27 77
27 78
27 80
27 81
27 83
27 84
27 85
27 86
27 87
27 88
27 89
27 90
27 91
27 93
27 96
27 98
27 99
27 102
27 103
27 104
27 105
27 107
27 109
27 110
27 111
27 112
27 114
27 115
27 117
27 118
27 120
27 122
27 123
27 126
27 127
27 128
27 129
27 130
27 133
27 134
27 135
27 136
27 138
27 140
27 142
27 143
27 144
27 145
27 146
27 147
27 148
27 149
27 153
27 154
27 155
27 156
27 157
27 158
27 160
27 161
27 162
27 163
27 165
27 166
27 167
27 168
27 171
27 172
27 175
27 176
27 177
27 178
27 179
27 180
27 181
27 182
27 183
27 184
27 185
27 186
27 188
27 189
27 190
27 191
27 192
27 193
27 195
27 197
27 200
28 29
28 30
28 31
28 33
28 34
28 35
28 38
28 39
28 40
28 43
28 44
28 45
28 46
28 47
28 48
28 49
28 50
28 52
28 53
28 54
28 55
28 56
28 57
28 58
28 59
28 60
28 61
28 62
28 65
28 66
28 67
28 68
28 69
28 70
28 71
28 72
28 74
28 75
28 77
28 78
28 79
28 80
28 81
28 82
28 83
28 84
28 85
28 87
28 88
28 90
28 91
28 92
28 93
28 95
28 96
28 97
28 100
28 102
28 103
28 104
28 105
28 106
28 107
28 108
28 109
28 110
28 111
28 112
28 114
28 119
28 121
28 124
28 126
28 127
28 128
28 129
28 130
28 133
28 135
28 136
28 138
28 139
28 141
28 143
28 144
28 145
28 146
28 147
28 148
28 149
28 150
28 153
28 156
28 157
28 158
28 160
28 161
28 163
28 164
28 165
28 166
28 168
28 169
28 170
28 171
28 172
28 174
28 175
28 176
28 178
28 179
28 180
28 181
28 182
28 185
28 186
28 187
28 190
28 192
28 197
28 198
28 200
29 30
29 31
29 33
29 34
29 35
29 36
29 39
29 40
29 41
29 42
29 43
29 44
29 45
29 46
29 48
29 49
29 50
29 51
29 52
29 53
29 54
29 56
29 59
29 60
29 61
29 63
29 65
29 67
29 69
29 71
29 72
29 74
29 75
29 76
29 77
29 78
29 79
29 80
29 82
29 84
29 86
29 87
29 90
29 92
29 94
29 95
29 96
29 98
29 99
29 100
29 102
29 103
29 104
29 105
29 108
29 109
29 110
29 111
29 112
29 115
29 117
29 119
29 120
29 123
29 125
29 127
29 129
29 130
29 131
29 132
29 133
29 134
29 136
29 137
29 138
29 139
29 140
29 141
29 142
29 145
29 146
29 147
29 148
29 149
29 150
29 151
29 152
29 153
29 154
29 155
29 156
29 157
29 158
29 159
29 161
29 164
29 165
29 166
29 167
29 168
29 169
29 170
29 171
29 172
29 173
29 174
29 175
29 176
29 179
29 180
29 181
29 185
29 186
29 187
29 188
29 191
29 192
29 193
29 194
29 195
29 196
29 197
29 198
29 199
30 31
30 32
30 34
30 35
30 36
30 37
30 38
30 39
30 40
30 42
30 43
30 44
30 47
30 48
30 49
30 51
30 53
30 54
30 55
30 56
30 57
30 58
30 59
30 61
30 62
30 63
30 64
30 65
30 66
30 67
30 69
30 70
30 71
30 72
30 73
30 75
30 76
30 77
30 79
30 80
30 81
30 82
30 83
30 84
30 86
30 87
30 89
30 91
30 94
30 95
30 96
30 98
30 99
30 100
30 101
30 103
30 104
30 105
30 106
30 107
30 108
30 109
30 111
30 112
30 113
30 116
30 117
30 118
30 120
30 121
30 122
30 123
30 124
30 125
30 126
30 127
30 128
30 130
30 131
30 132
30 135
30 136
30 137
30 139
30 140
30 142
30 143
30 146
30 147
30 148
30 149
30 150
30 151
30 153
30 154
30 155
30 156
30 157
30 158
30 159
30 160
30 161
30 162
30 163
30 165
30 167
30 168
30 169
30 171
30 174
30 177
30 178
30 180
30 181
30 182
30 183
30 184
30 187
30 190
30 191
30 192
30 193
30 194
30 195
30 196
30 197
30 198
30 199
30 200
31 32
31 33
31 34
31 35
31 38
31 39
31 40
31 41
31 43
31 45
31 46
31 47
31 48
31 49
31 52
31 55
31 57
31 61
31 62
31 64
31 67
31 68
31 69
31 70
31 71
31 73
31 75
31 78
31 80
31 81
31 82
31 83
31 84
31 85
31 86
31 87
31 88
31 90
31 91
31 92
31 93
31 96
31 98
31 99
31 100
31 104
31 108
31 111
31 112
31 113
31 115
31 116
31 117
31 119
31 120
31 121
31 123
31 126
31 129
31 131
31 132
31 134
31 135
31 136
31 137
31 138
31 140
31 141
31 142
31 145
31 146
31 148
31 150
31 151
31 152
31 155
31 158
31 159
31 160
31 161
31 162
31 164
31 167
31 168
31 170
31 171
31 172
31 173
31 174
31 175
31 178
31 181
31 182
31 183
31 184
31 186
31 187
31 188
31 189
31 192
31 194
31 195
31 196
31 198
31 199
32 33
32 35
32 37
32 39
32 40
32 41
32 42
32 43
32 44
32 45
32 50
32 51
32 52
32 55
32 56
32 57
32 58
32 59
32 60
32 61
32 62
32 63
32 64
32 65
32 67
32 68
32 69
32 70
32 71
32 72
32 73
32 74
32 76
32 77
32 78
32 79
32 81
32 83
32 84
32 85
32 88
32 89
32 90
32 92
32 94
32 98
32 100
32 101
32 102
32 103
32 104
32 105
32 106
32 107
32 108
32 109
32 110
32 111
32 112
32 113
32 114
32 115
32 116
32 117
32 118
32 119
32 120
32 121
32 122
32 123
32 124
32 125
32 126
32 127
32 129
32 133
32 134
32 136
32 137
32 138
32 140
32 141
32 143
32 144
32 145
32 146
32 148
32 149
32 150
32 151
32 152
32 153
32 154
32 156
32 157
32 161
32 163
32 164
32 165
32 166
32 167
32 168
32 170
32 174
32 177
32 178
32 180
32 182
32 183
32 184
32 185
32 186
32 187
32 189
32 190
32 191
32 192
32 193
32 194
32 195
32 196
32 197
32 198
32 199
33 34
33 35
33 37
33 38
33 41
33 42
33 43
33 45
33 46
33 47
33 51
33 53
33 54
33 58
33 60
33 61
33 63
33 64
33 65
33 66
33 67
33 68
33 69
33 70
33 73
33 74
33 75
33 76
33 77
33 78
33 82
33 83
33 84
33 87
33 88
33 93
33 94
33 95
33 96
33 98
33 99
33 100
33 102
33 103
33 105
33 106
33 107
33 108
33 109
33 110
33 112
33 113
33 114
33 115
33 117
33 122
33 123
33 125
33 126
33 127
33 128
33 129
33 130
33 131
33 132
33 133
33 135
33 136
33 137
33 138
33 139
33 140
33 141
33 146
33 148
33 149
33 150
33 151
33 153
33 156
33 157
33 158
33 159
33 162
33 163
33 164
33 165
33 166
33 167
33 168
33 169
33 171
33 172
33 173
33 174
33 176
33 178
33 179
33 180
33 182
33 183
33 184
33 186
33 187
33 188
33 191
33 192
33 193
33 196
33 197
33 198
33 199
33 200
34 35
34 36
34 37
34 38
34 40
34 42
34 43
34 44
34 45
34 46
34 47
34 48
34 49
34 50
34 51
34 52
34 53
34 54
34 55
34 56
34 57
34 58
34 60
34 61
34 62
34 63
34 65
34 67
34 68
34 70
34 71
34 72
34 75
34 76
34 77
34 78
34 80
34 82
34 83
34 86
34 88
34 89
34 90
34 93
34 94
34 95
34 96
34 97
34 98
34 99
34 100
34 101
34 102
34 104
34 105
34 106
34 108
34 113
34 114
34 116
34 117
34 118
34 119
34 121
34 127
34 128
34 129
34 130
34 131
34 132
34 133
34 135
34 136
34 138
34 140
34 141
34 144
34 146
34 148
34 149
34 150
34 152
34 153
34 154
34 156
34 157
34 158
34 160
34 161
34 162
34 163
34 164
34 166
34 167
34 168
34 169
34 170
34 171
34 172
34 173
34 174
34 175
34 176
34 177
34 178
34 179
34 180
34 182
34 185
34 187
34 189
34 193
34 194
34 195
34 197
34 198
34 199
35 36
35 38
35 40
35 41
35 43
35 44
35 45
35 47
35 48
35 49
35 51
35 52
35 54
35 58
35 59
35 60
35 61
35 62
35 64
35 65
35 66
35 67
35 69
35 70
35 71
35 72
35 73
35 74
35 75
35 76
35 77
35 79
35 80
35 81
35 82
35 83
35 84
35 85
35 86
35 87
35 88
35 90
35 91
35 94
35 95
35 97
35 98
35 99
35 101
35 102
35 106
35 107
35 109
35 110
35 111
35 112
35 116
35 118
35 119
35 120
35 122
35 124
35 126
35 127
35 128
35 131
35 132
35 133
35 136
35 137
35 138
35 140
35 141
35 142
35 143
35 145
35 146
35 147
35 149
35 151
35 153
35 154
35 155
35 156
35 157
35 160
35 162
35 164
35 165
35 166
35 170
35 171
35 172
35 175
35 176
35 177
35 178
35 179
35 180
35 183
35 184
35 187
35 188
35 189
35 190
35 191
35 192
35 193
35 194
35 195
35 198
35 199
36 37
36 38
36 40
36 41
36 43
36 44
36 47
36 49
36 51
36 52
36 53
36 55
36 56
36 58
36 59
36 61
36 63
36 64
36 65
36 66
36 67
36 69
36 70
36 73
36 74
36 75
36 77
36 78
36 82
36 86
36 87
36 89
36 90
36 91
36 92
36 93
36 95
36 97
36 100
36 102
36 105
36 106
36 107
36 108
36 112
36 113
36 114
36 116
36 117
36 118
36 119
36 120
36 121
36 123
36 125
36 126
36 127
36 128
36 131
36 133
36 134
36 137
36 138
36 139
36 143
36 144
36 145
36 146
36 147
36 148
36 149
36 150
36 151
36 152
36 153
36 154
36 155
36 156
36 158
36 159
36 162
36 165
36 166
36 167
36 168
36 169
36 170
36 171
36 172
36 173
36 174
36 175
36 177
36 180
36 183
36 184
36 185
36 186
36 187
36 189
36 190
36 191
36 192
36 195
36 198
36 199
37 38
37 39
37 40
37 42
37 43
37 44
37 47
37 48
37 49
37 50
37 51
37 52
37 53
37 54
37 56
37 57
37 58
37 59
37 60
37 61
37 62
37 63
37 64
37 65
37 66
37 67
37 68
37 69
37 70
37 71
37 72
37 73
37 74
37 76
37 77
37 80
37 81
37 82
37 83
37 84
37 85
37 86
37 87
37 88
37 90
37 91
37 92
37 93
37 94
37 96
37 99
37 100
37 102
37 104
37 105
37 106
37 108
37 109
37 111
37 112
37 113
37 117
37 118
37 119
37 120
37 121
37 122
37 123
37 124
37 125
37 126
37 128
37 130
37 132
37 133
37 134
37 135
37 136
37 137
37 138
37 139
37 140
37 141
37 142
37 144
37 146
37 148
37 149
37 150
37 152
37 154
37 156
37 157
37 158
37 159
37 160
37 162
37 163
37 164
37 165
37 166
37 167
37 168
37 171
37 172
37 176
37 177
37 178
37 180
37 181
37 183
37 185
37 186
37 187
37 189
37 190
37 191
37 192
37 193
37 194
37 195
37 196
37 197
38 39
38 40
38 42
38 43
38 44
38 45
38 46
38 47
38 48
38 49
38 50
38 51
38 52
38 53
38 55
38 56
38 57
38 61
38 62
38 63
38 64
38 65
38 66
38 67
38 68
38 69
38 70
38 71
38 72
38 73
38 75
38 77
38 80
38 81
38 82
38 83
38 84
38 85
38 86
38 87
38 88
38 89
38 92
38 93
38 94
38 95
38 96
38 97
38 98
38 99
38 100
38 101
38 105
38 106
38 107
38 108
38 112
38 113
38 114
38 116
38 117
38 118
38 119
38 121
38 122
38 126
38 128
38 130
38 131
38 132
38 133
38 134
38 136
38 138
38 139
38 140
38 141
38 142
38 143
38 144
38 145
38 147
38 151
38 156
38 157
38 158
38 159
38 160
38 161
38 163
38 166
38 167
38 169
38 170
38 171
38 172
38 173
38 174
38 175
38 177
38 178
38 184
38 185
38 186
38 187
38 188
38 189
38 191
38 192
38 193
38 194
38 195
38 196
38 197
38 198
38 199
39 40
39 41
39 42
39 43
39 44
39 47
39 49
39 50
39 52
39 53
39 54
39 55
39 56
39 57
39 58
39 61
39 62
39 63
39 64
39 65
39 69
39 70
39 71
39 72
39 74
39 75
39 77
39 78
39 79
39 80
39 81
39 82
39 83
39 85
39 86
39 87
39 88
39 90
39 92
39 93
39 98
39 99
39 100
39 103
39 104
39 105
39 106
39 107
39 110
39 112
39 115
39 116
39 117
39 118
39 122
39 123
39 124
39 125
39 126
39 127
39 128
39 129
39 132
39 133
39 134
39 135
39 136
39 137
39 138
39 139
39 140
39 141
39 142
39 143
39 144
39 145
39 146
39 149
39 150
39 152
39 153
39 154
39 155
39 156
39 157
39 158
39 160
39 162
39 163
39 164
39 165
39 172
39 173
39 176
39 177
39 178
39 179
39 181
39 183
39 184
39 185
39 186
39 187
39 188
39 189
39 190
39 191
39 192
39 193
39 197
39 198
39 200
40 41
40 42
40 43
40 44
40 45
40 46
40 47
40 49
40 50
40 51
40 54
40 55
40 58
40 59
40 61
40 64
40 68
40 71
40 75
40 76
40 79
40 81
40 83
40 84
40 85
40 86
40 87
40 88
40 90
40 91
40 93
40 94
40 95
40 96
40 97
40 98
40 99
40 100
40 101
40 104
40 106
40 107
40 108
40 109
40 110
40 111
40 112
40 113
40 114
40 115
40 116
40 117
40 119
40 120
40 121
40 122
40 123
40 127
40 128
40 132
40 134
40 135
40 136
40 137
40 138
40 139
40 140
40 142
40 143
40 144
40 146
40 148
40 149
40 150
40 151
40 153
40 154
40 155
40 156
40 157
40 158
40 161
40 165
40 166
40 167
40 168
40 171
40 173
40 174
40 175
40 176
40 177
40 178
40 179
40 180
40 181
40 182
40 183
40 184
40 185
40 186
40 188
40 189
40 190
40 195
40 196
40 198
40 199
41 42
41 43
41 44
41 46
41 47
41 48
41 49
41 50
41 51
41 54
41 55
41 57
41 58
41 59
41 60
41 61
41 62
41 64
41 65
41 67
41 70
41 71
41 73
41 74
41 75
41 76
41 79
41 80
41 81
41 83
41 85
41 86
41 89
41 91
41 92
41 93
41 94
41 96
41 97
41 98
41 101
41 102
41 103
41 104
41 105
41 108
41 109
41 110
41 111
41 112
41 113
41 114
41 115
41 116
41 118
41 119
41 120
41 122
41 123
41 125
41 126
41 127
41 129
41 130
41 131
41 133
41 135
41 136
41 137
41 138
41 139
41 142
41 143
41 144
41 146
41 148
41 149
41 150
41 151
41 153
41 157
41 158
41 159
41 161
41 164
41 165
41 168
41 170
41 171
41 172
41 173
41 174
41 175
41 176
41 178
41 180
41 182
41 185
41 189
41 191
41 192
41 193
41 194
41 196
41 197
41 198
41 199
41 200
42 43
42 44
42 45
42 47
42 48
42 50
42 51
42 52
42 54
42 55
42 58
42 59
42 60
42 62
42 63
42 64
42 65
42 66
42 67
42 68
42 70
42 71
42 72
42 73
42 74
42 75
42 76
42 78
42 80
42 81
42 82
42 84
42 85
42 86
42 89
42 92
42 93
42 94
42 96
42 97
42 98
42 100
42 101
42 102
42 103
42 106
42 107
42 108
42 109
42 111
42 112
42 113
42 115
42 117
42 118
42 119
42 120
42 121
42 124
42 125
42 126
42 127
42 128
42 129
42 130
42 131
42 132
42 134
42 135
42 136
42 137
42 138
42 139
42 140
42 142
42 145
42 146
42 147
42 148
42 150
42 152
42 153
42 154
42 156
42 157
42 158
42 159
42 161
42 162
42 163
42 164
42 165
42 167
42 168
42 169
42 170
42 172
42 173
42 176
42 177
42 180
42 181
42 183
42 184
42 185
42 186
42 187
42 188
42 189
42 190
42 191
42 193
42 194
42 195
42 196
42 197
42 199
42 200
43 44
43 45
43 46
43 48
43 49
43 50
43 52
43 53
43 54
43 56
43 57
43 59
43 61
43 63
43 64
43 65
43 66
43 70
43 72
43 73
43 75
43 76
43 77
43 78
43 80
43 84
43 86
43 88
43 90
43 92
43 93
43 94
43 95
43 96
43 97
43 98
43 99
43 100
43 102
43 103
43 104
43 106
43 107
43 109
43 111
43 113
43 114
43 115
43 117
43 118
43 119
43 120
43 121
43 123
43 124
43 125
43 126
43 128
43 129
43 130
43 131
43 132
43 133
43 135
43 136
43 137
43 138
43 139
43 140
43 141
43 142
43 143
43 144
43 145
43 147
43 148
43 149
43 150
43 151
43 152
43 154
43 155
43 156
43 157
43 158
43 159
43 160
43 161
43 162
43 164
43 165
43 166
43 167
43 168
43 169
43 170
43 171
43 172
43 173
43 174
43 176
43 179
43 182
43 183
43 184
43 185
43 186
43 187
43 188
43 192
43 194
43 195
43 196
43 197
43 198
44 45
44 46
44 47
44 48
44 49
44 50
44 51
44 52
44 59
44 60
44 61
44 63
44 64
44 65
44 67
44 68
44 69
44 70
44 71
44 73
44 76
44 77
44 78
44 81
44 82
44 83
44 84
44 85
44 87
44 88
44 89
44 90
44 91
44 92
44 96
44 98
44 99
44 100
44 102
44 103
44 105
44 106
44 108
44 109
44 112
44 113
44 115
44 116
44 117
44 118
44 119
44 121
44 122
44 123
44 124
44 125
44 127
44 128
44 129
44 130
44 131
44 132
44 134
44 135
44 136
44 137
44 139
44 140
44 141
44 142
44 145
44 146
44 147
44 148
44 151
44 153
44 154
44 155
44 157
44 159
44 160
44 161
44 162
44 163
44 164
44 165
44 166
44 167
44 168
44 169
44 170
44 171
44 172
44 173
44 175
44 179
44 180
44 182
44 183
44 184
44 185
44 186
44 188
44 190
44 192
44 193
44 194
44 195
44 198
44 199
44 200
45 46
45 47
45 48
45 49
45 51
45 52
45 53
45 54
45 55
45 56
45 57
45 59
45 61
45 62
45 63
45 64
45 65
45 66
45 67
45 68
45 69
45 70
45 75
45 76
45 77
45 79
45 82
45 83
45 84
45 85
45 86
45 87
45 89
45 91
45 92
45 95
45 96
45 98
45 99
45 100
45 101
45 103
45 104
45 105
45 106
45 107
45 108
45 109
45 110
45 111
45 112
45 113
45 114
45 115
45 116
45 118
45 119
45 120
45 121
45 123
45 124
45 125
45 126
45 127
45 128
45 129
45 130
45 132
45 134
45 135
45 136
45 137
45 138
45 139
45 140
45 143
45 144
45 145
45 146
45 147
45 148
45 149
45 150
45 151
45 152
45 159
45 161
45 162
45 163
45 164
45 166
45 167
45 168
45 169
45 170
45 171
45 172
45 174
45 175
45 179
45 181
45 184
45 187
45 188
45 189
45 190
45 191
45 193
45 194
45 196
45 198
45 200
46 47
46 49
46 50
46 51
46 52
46 53
46 54
46 56
46 58
46 59
46 61
46 62
46 63
46 67
46 68
46 69
46 70
46 71
46 72
46 74
46 75
46 76
46 77
46 79
46 80
46 81
46 82
46 83
46 85
46 86
46 88
46 91
46 92
46 93
46 94
46 95
46 96
46 97
46 98
46 100
46 103
46 104
46 105
46 106
46 107
46 108
46 110
46 112
46 113
46 114
46 115
46 116
46 117
46 118
46 119
46 120
46 121
46 122
46 124
46 125
46 126
46 127
46 129
46 130
46 131
46 132
46 133
46 136
46 137
46 138
46 140
46 141
46 143
46 144
46 146
46 147
46 148
46 149
46 150
46 151
46 152
46 153
46 154
46 156
46 158
46 161
46 163
46 165
46 166
46 167
46 168
46 169
46 170
46 171
46 172
46 174
46 177
46 181
46 182
46 183
46 184
46 185
46 187
46 189
46 191
46 192
46 193
46 194
46 195
46 196
46 197
46 199
47 48
47 50
47 51
47 54
47 55
47 56
47 57
47 58
47 59
47 61
47 62
47 64
47 65
47 66
47 67
47 68
47 71
47 72
47 76
47 77
47 78
47 79
47 81
47 82
47 84
47 85
47 86
47 87
47 88
47 89
47 90
47 92
47 93
47 94
47 95
47 96
47 97
47 98
47 99
47 100
47 101
47 102
47 103
47 104
47 107
47 108
47 110
47 112
47 113
47 114
47 115
47 116
47 117
47 118
47 119
47 120
47 121
47 122
47 124
47 125
47 126
47 127
47 129
47 131
47 132
47 133
47 135
47 136
47 139
47 140
47 142
47 144
47 145
47 146
47 148
47 149
47 150
47 151
47 152
47 153
47 155
47 156
47 157
47 158
47 163
47 165
47 167
47 168
47 169
47 170
47 171
47 172
47 174
47 175
47 177
47 178
47 179
47 181
47 184
47 186
47 187
47 189
47 190
47 191
47 192
47 193
47 195
47 197
47 198
48 49
48 50
48 54
48 56
48 57
48 58
48 59
48 60
48 61
48 63
48 64
48 65
48 68
48 69
48 70
48 71
48 73
48 74
48 75
48 76
48 77
48 78
48 79
48 80
48 82
48 83
48 84
48 85
48 86
48 87
48 88
48 89
48 90
48 91
48 93
48 94
48 95
48 97
48 98
48 102
48 103
48 104
48 105
48 109
48 110
48 111
48 113
48 114
48 117
48 118
48 119
48 120
48 122
48 123
48 124
48 125
48 131
48 132
48 135
48 137
48 138
48 141
48 142
48 143
48 144
48 147
48 150
48 151
48 152
48 153
48 154
48 155
48 156
48 157
48 159
48 160
48 161
48 162
48 163
48 164
48 167
48 168
48 171
48 174
48 175
48 176
48 177
48 178
48 179
48 180
48 182
48 184
48 185
48 186
48 187
48 188
48 189
48 191
48 193
48 197
48 198
48 199
48 200
49 50
49 53
49 54
49 55
49 57
49 58
49 59
49 61
49 62
49 63
49 64
49 67
49 68
49 72
49 73
49 75
49 76
49 77
49 80
49 81
49 83
49 84
49 85
49 86
49 87
49 88
49 89
49 90
49 96
49 101
49 103
49 106
49 108
49 111
49 112
49 113
49 114
49 115
49 116
49 117
49 118
49 119
49 120
49 121
49 122
49 124
49 125
49 127
49 128
49 129
49 132
49 133
49 134
49 136
49 137
49 138
49 139
49 140
49 141
49 143
49 147
49 149
49 150
49 152
49 153
49 154
49 157
49 159
49 160
49 162
49 163
49 164
49 165
49 166
49 167
49 168
49 170
49 172
49 173
49 174
49 175
49 176
49 177
49 178
49 179
49 180
49 182
49 183
49 184
49 185
49 186
49 188
49 189
49 190
49 191
49 192
49 193
49 194
49 195
49 196
49 198
49 199
50 51
50 54
50 57
50 58
50 59
50 62
50 63
50 64
50 65
50 68
50 69
50 70
50 72
50 74
50 76
50 77
50 78
50 82
50 83
50 84
50 85
50 88
50 89
50 92
50 93
50 94
50 95
50 96
50 97
50 99
50 103
50 104
50 105
50 106
50 109
50 110
50 111
50 113
50 114
50 116
50 117
50 118
50 120
50 122
50 124
50 125
50 127
50 128
50 129
50 130
50 131
50 133
50 134
50 135
50 137
50 138
50 140
50 141
50 142
50 143
50 144
50 145
50 146
50 147
50 148
50 149
50 150
50 151
50 153
50 154
50 155
50 156
50 158
50 159
50 160
50 163
50 166
50 167
50 168
50 170
50 171
50 172
50 173
50 175
50 176
50 177
50 178
50 179
50 180
50 181
50 182
50 183
50 184
50 188
50 189
50 190
50 191
50 193
50 195
50 197
50 199
50 200
51 52
51 53
51 54
51 55
51 56
51 57
51 58
51 59
51 60
51 61
51 62
51 66
51 70
51 72
51 73
51 75
51 76
51 77
51 78
51 79
51 80
51 81
51 83
51 84
51 85
51 86
51 89
51 91
51 95
51 97
51 98
51 99
51 100
51 103
51 104
51 106
51 109
51 110
51 111
51 112
51 113
51 115
51 117
51 119
51 121
51 123
51 125
51 126
51 127
51 128
51 129
51 132
51 133
51 134
51 135
51 136
51 138
51 139
51 140
51 141
51 143
51 144
51 145
51 146
51 149
51 150
51 151
51 154
51 155
51 156
51 159
51 161
51 162
51 166
51 167
51 170
51 171
51 173
51 174
51 176
51 178
51 179
51 180
51 182
51 185
51 186
51 188
51 189
51 191
51 192
51 193
51 195
51 196
51 198
51 199
51 200
52 53
52 54
52 56
52 57
52 58
52 60
52 61
52 62
52 65
52 66
52 67
52 68
52 69
52 70
52 71
52 72
52 73
52 74
52 75
52 77
52 78
52 80
52 81
52 82
52 86
52 91
52 93
52 94
52 95
52 96
52 99
52 100
52 103
52 104
52 105
52 108
52 110
52 111
52 112
52 113
52 114
52 115
52 117
52 119
52 121
52 122
52 123
52 124
52 125
52 126
52 127
52 131
52 132
52 133
52 134
52 135
52 136
52 137
52 138
52 139
52 140
52 142
52 143
52 144
52 145
52 146
52 147
52 149
52 150
52 151
52 153
52 154
52 157
52 160
52 162
52 163
52 166
52 169
52 170
52 173
52 174
52 175
52 176
52 177
52 178
52 179
52 181
52 185
52 187
52 188
52 189
52 190
52 193
52 194
52 195
52 197
52 198
52 199
53 54
53 55
53 56
53 59
53 60
53 62
53 63
53 65
53 67
53 68
53 69
53 70
53 73
53 74
53 77
53 79
53 80
53 81
53 82
53 83
53 85
53 87
53 88
53 89
53 90
53 91
53 92
53 93
53 94
53 95
53 96
53 97
53 98
53 99
53 100
53 101
53 103
53 104
53 105
53 106
53 108
53 110
53 111
53 112
53 113
53 114
53 116
53 117
53 118
53 120
53 121
53 122
53 123
53 124
53 125
53 128
53 129
53 130
53 131
53 132
53 133
53 134
53 135
53 136
53 137
53 142
53 145
53 146
53 147
53 149
53 150
53 154
53 156
53 158
53 159
53 160
53 162
53 163
53 166
53 167
53 168
53 170
53 171
53 172
53 173
53 174
53 175
53 176
53 178
53 179
53 181
53 183
53 185
53 186
53 187
53 188
53 189
53 190
53 191
53 192
53 193
53 194
53 195
53 197
53 199
54 55
54 56
54 57
54 58
54 59
54 60
54 61
54 65
54 66
54 68
54 74
54 75
54 76
54 77
54 78
54 79
54 80
54 81
54 82
54 87
54 88
54 89
54 90
54 91
54 92
54 93
54 95
54 96
54 97
54 100
54 104
54 107
54 108
54 109
54 110
54 113
54 115
54 116
54 117
54 119
54 120
54 121
54 122
54 123
54 124
54 126
54 128
54 129
54 130
54 132
54 133
54 134
54 136
54 138
54 139
54 140
54 141
54 142
54 143
54 144
54 145
54 147
54 149
54 150
54 151
54 153
54 155
54 156
54 157
54 160
54 161
54 162
54 163
54 165
54 168
54 169
54 170
54 172
54 173
54 174
54 175
54 176
54 177
54 178
54 179
54 180
54 181
54 182
54 184
54 185
54 186
54 187
54 188
54 192
54 193
54 194
54 195
54 198
54 199
54 200
55 56
55 59
55 60
55 61
55 62
55 63
55 65
55 66
55 67
55 68
55 69
55 70
55 72
55 73
55 74
55 75
55 76
55 78
55 79
55 80
55 84
55 85
55 86
55 87
55 90
55 91
55 93
55 94
55 96
55 97
55 99
55 100
55 101
55 102
55 103
55 104
55 106
55 107
55 108
55 109
55 110
55 111
55 112
55 113
55 114
55 115
55 117
55 118
55 120
55 121
55 122
55 123
55 124
55 126
55 127
55 128
55 130
55 131
55 132
55 134
55 135
55 136
55 137
55 138
55 139
55 140
55 143
55 145
55 146
55 148
55 150
55 154
55 156
55 158
55 159
55 160
55 161
55 162
55 163
55 164
55 165
55 166
55 167
55 168
55 170
55 171
55 175
55 176
55 177
55 178
55 179
55 180
55 181
55 184
55 187
55 188
55 189
55 190
55 193
55 194
55 195
55 196
55 198
55 199
56 57
56 58
56 60
56 61
56 63
56 64
56 65
56 66
56 67
56 71
56 72
56 73
56 74
56 75
56 77
56 78
56 79
56 81
56 83
56 84
56 85
56 89
56 90
56 92
56 94
56 95
56 97
56 98
56 100
56 101
56 102
56 105
56 108
56 110
56 111
56 113
56 115
56 116
56 117
56 118
56 119
56 120
56 121
56 122
56 123
56 124
56 126
56 127
56 128
56 129
56 133
56 135
56 139
56 140
56 143
56 144
56 145
56 146
56 148
56 149
56 150
56 153
56 154
56 155
56 156
56 157
56 158
56 159
56 161
56 163
56 164
56 165
56 166
56 170
56 171
56 172
56 173
56 175
56 176
56 177
56 179
56 180
56 182
56 183
56 184
56 185
56 186
56 187
56 188
56 190
56 194
56 195
56 196
56 197
56 198
56 199
57 58
57 59
57 62
57 63
57 66
57 67
57 68
57 69
57 70
57 71
57 73
57 75
57 76
57 79
57 80
57 81
57 82
57 83
57 85
57 86
57 87
57 88
57 89
57 90
57 91
57 92
57 93
57 95
57 96
57 97
57 101
57 102
57 104
57 106
57 107
57 108
57 109
57 113
57 114
57 118
57 119
57 120
57 121
57 122
57 123
57 124
57 126
57 129
57 130
57 131
57 133
57 134
57 136
57 137
57 138
57 140
57 141
57 142
57 143
57 144
57 145
57 147
57 148
57 150
57 151
57 152
57 153
57 155
57 156
57 157
57 158
57 159
57 160
57 161
57 163
57 164
57 166
57 167
57 168
57 169
57 170
57 171
57 172
57 174
57 176
57 177
57 179
57 180
57 182
57 183
57 184
57 185
57 186
57 188
57 189
57 190
57 192
57 193
57 195
57 196
57 197
57 198
57 199
58 59
58 61
58 62
58 64
58 66
58 69
58 71
58 73
58 74
58 75
58 76
58 78
58 81
58 82
58 83
58 84
58 85
58 86
58 87
58 88
58 90
58 92
58 94
58 95
58 96
58 97
58 98
58 99
58 100
58 101
58 102
58 103
58 104
58 105
58 107
58 108
58 111
58 112
58 113
58 114
58 115
58 117
58 118
58 119
58 120
58 121
58 122
58 124
58 125
58 126
58 128
58 130
58 131
58 132
58 133
58 134
58 135
58 137
58 138
58 140
58 141
58 143
58 145
58 146
58 147
58 148
58 149
58 150
58 152
58 156
58 158
58 160
58 162
58 163
58 164
58 166
58 168
58 169
58 170
58 171
58 173
58 174
58 175
58 176
58 177
58 178
58 179
58 181
58 183
58 186
58 187
58 189
58 190
58 191
58 192
58 193
58 194
58 196
58 199
58 200
59 60
59 61
59 62
59 63
59 64
59 65
59 66
59 67
59 70
59 71
59 72
59 74
59 75
59 76
59 77
59 78
59 79
59 80
59 81
59 82
59 83
59 84
59 85
59 86
59 87
59 88
59 89
59 91
59 93
59 94
59 96
59 97
59 99
59 100
59 101
59 103
59 105
59 107
59 108
59 110
59 113
59 115
59 116
59 117
59 119
59 123
59 124
59 125
59 126
59 129
59 131
59 132
59 136
59 137
59 138
59 140
59 141
59 143
59 145
59 146
59 149
59 150
59 151
59 152
59 153
59 154
59 155
59 156
59 157
59 158
59 159
59 160
59 161
59 162
59 164
59 165
59 166
59 168
59 169
59 170
59 171
59 172
59 173
59 175
59 176
59 178
59 179
59 180
59 181
59 182
59 183
59 187
59 190
59 191
59 193
59 194
59 196
59 197
59 198
59 199
60 61
60 62
60 65
60 67
60 69
60 70
60 71
60 72
60 73
60 74
60 76
60 77
60 78
60 80
60 81
60 82
60 83
60 85
60 86
60 87
60 88
60 90
60 93
60 94
60 95
60 96
60 97
60 98
60 101
60 104
60 105
60 109
60 111
60 112
60 113
60 114
60 115
60 117
60 121
60 124
60 125
60 126
60 127
60 128
60 129
60 131
60 133
60 134
60 135
60 136
60 137
60 139
60 140
60 141
60 142
60 147
60 148
60 149
60 151
60 152
60 154
60 156
60 159
60 160
60 161
60 163
60 164
60 165
60 167
60 168
60 169
60 170
60 171
60 172
60 174
60 175
60 176
60 177
60 179
60 181
60 182
60 184
60 185
60 187
60 188
60 189
60 190
60 191
60 192
60 193
60 194
60 195
60 196
60 197
60 198
60 200
61 62
61 64
61 66
61 68
61 73
61 75
61 76
61 77
61 78
61 79
61 81
61 82
61 83
61 85
61 87
61 88
61 89
61 90
61 92
61 95
61 96
61 98
61 100
61 102
61 105
61 106
61 108
61 109
61 110
61 111
61 113
61 114
61 115
61 116
61 119
61 120
61 121
61 122
61 123
61 125
61 127
61 128
61 131
61 135
61 137
61 138
61 139
61 140
61 142
61 143
61 144
61 145
61 146
61 148
61 149
61 150
61 151
61 152
61 153
61 154
61 156
61 157
61 158
61 159
61 160
61 161
61 162
61 163
61 164
61 165
61 166
61 167
61 168
61 169
61 170
61 171
61 173
61 174
61 175
61 176
61 177
61 178
61 179
61 180
61 181
61 183
61 186
61 187
61 188
61 189
61 190
61 191
61 192
61 193
61 194
61 195
61 196
61 197
61 198
61 199
62 63
62 66
62 67
62 68
62 69
62 70
62 71
62 72
62 74
62 75
62 76
62 77
62 78
62 79
62 81
62 82
62 84
62 85
62 86
62 87
62 88
62 92
62 93
62 97
62 98
62 99
62 100
62 101
62 102
62 103
62 104
62 105
62 106
62 108
62 109
62 110
62 112
62 114
62 115
62 116
62 117
62 118
62 120
62 121
62 123
62 124
62 126
62 128
62 131
62 132
62 135
62 136
62 137
62 138
62 139
62 140
62 141
62 143
62 144
62 146
62 147
62 149
62 150
62 151
62 152
62 154
62 155
62 156
62 158
62 159
62 160
62 161
62 162
62 165
62 166
62 167
62 168
62 169
62 170
62 171
62 173
62 175
62 176
62 178
62 179
62 185
62 187
62 188
62 189
62 190
62 192
62 193
62 194
62 195
62 197
62 199
62 200
63 64
63 65
63 66
63 67
63 69
63 70
63 71
63 72
63 74
63 75
63 76
63 78
63 79
63 80
63 81
63 82
63 86
63 87
63 88
63 89
63 90
63 92
63 93
63 94
63 95
63 96
63 98
63 99
63 100
63 101
63 102
63 103
63 104
63 105
63 106
63 108
63 109
63 110
63 111
63 112
63 113
63 114
63 116
63 117
63 118
63 119
63 120
63 122
63 124
63 125
63 127
63 129
63 131
63 133
63 135
63 136
63 137
63 139
63 140
63 142
63 143
63 144
63 145
63 146
63 148
63 150
63 152
63 153
63 154
63 156
63 157
63 158
63 159
63 161
63 163
63 164
63 165
63 166
63 168
63 171
63 172
63 173
63 174
63 176
63 178
63 179
63 180
63 181
63 183
63 184
63 185
63 186
63 187
63 189
63 190
63 191
63 193
63 194
63 196
63 197
63 198
63 199
63 200
64 65
64 67
64 68
64 71
64 72
64 73
64 74
64 75
64 76
64 77
64 78
64 79
64 80
64 81
64 82
64 83
64 84
64 85
64 86
64 90
64 91
64 93
64 97
64 98
64 99
64 100
64 101
64 102
64 103
64 104
64 105
64 106
64 110
64 111
64 112
64 114
64 115
64 119
64 120
64 121
64 123
64 124
64 125
64 126
64 127
64 128
64 129
64 130
64 131
64 134
64 135
64 136
64 137
64 138
64 142
64 143
64 144
64 145
64 147
64 149
64 151
64 152
64 154
64 155
64 160
64 161
64 162
64 163
64 165
64 166
64 167
64 169
64 171
64 172
64 173
64 174
64 175
64 176
64 177
64 180
64 181
64 182
64 183
64 184
64 185
64 189
64 190
64 192
64 193
64 194
64 195
64 197
64 198
64 200
65 66
65 69
65 70
65 72
65 73
65 74
65 78
65 79
65 81
65 82
65 84
65 85
65 87
65 88
65 89
65 90
65 91
65 93
65 94
65 95
65 96
65 100
65 101
65 103
65 104
65 105
65 106
65 108
65 109
65 110
65 111
65 112
65 115
65 116
65 117
65 118
65 119
65 120
65 121
65 122
65 123
65 124
65 127
65 129
65 131
65 134
65 136
65 137
65 138
65 139
65 140
65 142
65 143
65 145
65 146
65 149
65 150
65 151
65 152
65 153
65 154
65 155
65 157
65 158
65 159
65 160
65 161
65 163
65 165
65 166
65 167
65 169
65 171
65 172
65 173
65 174
65 176
65 177
65 178
65 180
65 181
65 182
65 184
65 185
65 187
65 189
65 190
65 191
65 192
65 194
65 195
65 196
65 197
65 199
66 67
66 69
66 70
66 71
66 72
66 73
66 74
66 76
66 78
66 79
66 80
66 81
66 82
66 83
66 85
66 87
66 90
66 91
66 92
66 93
66 94
66 95
66 96
66 98
66 99
66 100
66 101
66 102
66 105
66 106
66 107
66 108
66 109
66 111
66 114
66 115
66 117
66 118
66 119
66 121
66 122
66 123
66 124
66 125
66 126
66 127
66 128
66 130
66 133
66 134
66 135
66 138
66 139
66 140
66 141
66 142
66 143
66 144
66 145
66 146
66 148
66 149
66 150
66 151
66 152
66 153
66 154
66 155
66 156
66 157
66 158
66 159
66 160
66 162
66 163
66 165
66 167
66 169
66 170
66 171
66 172
66 174
66 176
66 179
66 181
66 183
66 184
66 185
66 186
66 187
66 188
66 189
66 190
66 192
66 193
66 194
66 195
66 196
66 198
66 199
67 68
67 70
67 72
67 73
67 74
67 75
67 76
67 77
67 78
67 80
67 81
67 84
67 86
67 87
67 90
67 91
67 93
67 95
67 96
67 97
67 98
67 99
67 101
67 103
67 104
67 105
67 106
67 107
67 108
67 110
67 111
67 112
67 113
67 115
67 116
67 117
67 118
67 120
67 121
67 122
67 123
67 124
67 125
67 126
67 127
67 128
67 129
67 130
67 131
67 132
67 133
67 134
67 135
67 136
67 137
67 139
67 140
67 141
67 142
67 144
67 145
67 146
67 147
67 148
67 149
67 150
67 151
67 152
67 154
67 156
67 157
67 158
67 162
67 163
67 164
67 165
67 166
67 167
67 170
67 171
67 172
67 173
67 174
67 175
67 176
67 177
67 178
67 179
67 180
67 181
67 183
67 186
67 187
67 190
67 191
67 192
67 193
67 194
67 195
67 196
67 199
67 200
68 69
68 70
68 71
68 72
68 73
68 75
68 77
68 78
68 79
68 81
68 82
68 84
68 86
68 88
68 89
68 90
68 91
68 93
68 94
68 95
68 96
68 98
68 100
68 102
68 103
68 104
68 105
68 106
68 107
68 108
68 109
68 110
68 111
68 112
68 113
68 115
68 116
68 117
68 118
68 121
68 122
68 123
68 124
68 125
68 126
68 127
68 132
68 133
68 135
68 136
68 140
68 141
68 143
68 144
68 145
68 147
68 148
68 152
68 153
68 154
68 155
68 156
68 157
68 158
68 159
68 160
68 163
68 164
68 165
68 166
68 167
68 168
68 170
68 171
68 173
68 174
68 175
68 178
68 179
68 181
68 182
68 185
68 186
68 187
68 189
68 190
68 191
68 192
68 195
68 198
68 199
69 70
69 71
69 73
69 76
69 77
69 79
69 80
69 81
69 83
69 84
69 85
69 86
69 90
69 93
69 94
69 95
69 96
69 98
69 99
69 100
69 101
69 102
69 103
69 104
69 105
69 106
69 107
69 108
69 109
69 112
69 113
69 115
69 119
69 122
69 124
69 125
69 128
69 129
69 130
69 131
69 132
69 133
69 134
69 136
69 137
69 138
69 140
69 141
69 142
69 143
69 144
69 145
69 146
69 148
69 150
69 151
69 152
69 153
69 154
69 156
69 157
69 158
69 159
69 160
69 162
69 163
69 164
69 170
69 172
69 173
69 175
69 177
69 178
69 179
69 180
69 182
69 185
69 186
69 187
69 188
69 189
69 190
69 191
69 193
69 194
69 195
69 196
70 71
70 72
70 73
70 74
70 77
70 81
70 83
70 84
70 87
70 88
70 90
70 91
70 92
70 93
70 95
70 97
70 98
70 99
70 100
70 102
70 103
70 104
70 105
70 107
70 110
70 111
70 112
70 113
70 114
70 115
70 116
70 118
70 120
70 121
70 122
70 123
70 124
70 125
70 127
70 128
70 129
70 130
70 131
70 133
70 134
70 137
70 138
70 139
70 140
70 142
70 144
70 145
70 147
70 148
70 149
70 150
70 151
70 152
70 153
70 154
70 155
70 157
70 158
70 159
70 160
70 161
70 162
70 163
70 164
70 165
70 166
70 167
70 168
70 169
70 170
70 171
70 172
70 174
70 175
70 176
70 177
70 178
70 179
70 181
70 182
70 183
70 184
70 185
70 186
70 187
70 188
70 189
70 190
70 191
70 194
70 195
70 196
70 198
70 199
71 72
71 73
71 74
71 75
71 76
71 77
71 78
71 79
71 80
71 81
71 82
71 83
71 86
71 89
71 90
71 92
71 93
71 94
71 95
71 96
71 98
71 99
71 100
71 101
71 103
71 104
71 105
71 106
71 107
71 108
71 109
71 110
71 111
71 112
71 113
71 115
71 117
71 119
71 120
71 121
71 123
71 124
71 125
71 126
71 127
71 129
71 130
71 131
71 132
71 133
71 134
71 135
71 136
71 137
71 138
71 139
71 141
71 143
71 146
71 147
71 149
71 151
71 156
71 158
71 159
71 161
71 162
71 163
71 164
71 165
71 166
71 167
71 170
71 171
71 172
71 174
71 180
71 181
71 182
71 183
71 184
71 185
71 186
71 187
71 188
71 189
71 190
71 193
71 195
71 198
71 199
71 200
72 73
72 74
72 75
72 76
72 78
72 80
72 83
72 84
72 85
72 89
72 90
72 92
72 93
72 94
72 95
72 98
72 99
72 100
72 101
72 102
72 103
72 104
72 105
72 106
72 107
72 108
72 111
72 112
72 115
72 116
72 122
72 124
72 126
72 127
72 128
72 129
72 130
72 131
72 132
72 134
72 135
72 137
72 140
72 141
72 142
72 143
72 145
72 147
72 148
72 149
72 151
72 152
72 154
72 159
72 160
72 161
72 162
72 163
72 164
72 167
72 169
72 171
72 173
72 176
72 178
72 179
72 180
72 182
72 184
72 185
72 187
72 189
72 192
72 194
72 196
72 197
72 198
72 200
73 74
73 75
73 76
73 79
73 80
73 82
73 83
73 84
73 85
73 86
73 87
73 89
73 90
73 92
73 93
73 94
73 95
73 96
73 97
73 99
73 100
73 101
73 103
73 104
73 107
73 108
73 109
73 110
73 111
73 112
73 113
73 115
73 117
73 119
73 121
73 122
73 123
73 126
73 127
73 128
73 130
73 131
73 132
73 134
73 135
73 137
73 138
73 139
73 141
73 142
73 143
73 144
73 145
73 146
73 147
73 152
73 153
73 156
73 157
73 159
73 160
73 162
73 163
73 167
73 168
73 169
73 170
73 171
73 172
73 173
73 174
73 176
73 177
73 178
73 179
73 180
73 181
73 183
73 185
73 186
73 188
73 189
73 190
73 193
73 195
73 196
73 197
73 198
74 75
74 76
74 77
74 78
74 80
74 82
74 84
74 85
74 86
74 87
74 89
74 90
74 91
74 92
74 93
74 94
74 95
74 96
74 98
74 99
74 101
74 103
74 104
74 105
74 106
74 108
74 109
74 110
74 111
74 112
74 114
74 115
74 117
74 118
74 120
74 121
74 123
74 125
74 127
74 128
74 129
74 133
74 135
74 137
74 138
74 139
74 141
74 142
74 143
74 144
74 145
74 146
74 148
74 152
74 154
74 155
74 156
74 158
74 162
74 163
74 164
74 165
74 166
74 167
74 170
74 174
74 175
74 176
74 177
74 178
74 179
74 180
74 181
74 182
74 183
74 184
74 185
74 186
74 187
74 188
74 189
74 190
74 191
74 193
74 194
74 195
74 196
74 197
74 198
74 200
75 76
75 77
75 78
75 81
75 82
75 83
75 84
75 86
75 87
75 89
75 90
75 91
75 94
75 95
75 96
75 97
75 98
75 99
75 101
75 102
75 106
75 107
75 108
75 112
75 113
75 114
75 116
75 117
75 118
75 120
75 121
75 122
75 123
75 125
75 126
75 127
75 128
75 129
75 130
75 131
75 133
75 134
75 135
75 139
75 140
75 144
75 145
75 146
75 147
75 148
75 149
75 154
75 155
75 162
75 163
75 164
75 165
75 167
75 168
75 171
75 172
75 173
75 174
75 175
75 176
75 177
75 178
75 179
75 180
75 182
75 183
75 184
75 185
75 186
75 187
75 188
75 189
75 190
75 192
75 195
75 196
75 197
75 199
75 200
76 77
76 78
76 79
76 80
76 81
76 82
76 83
76 85
76 86
76 88
76 90
76 92
76 93
76 94
76 98
76 100
76 101
76 102
76 103
76 104
76 105
76 106
76 109
76 111
76 112
76 113
76 114
76 115
76 116
76 118
76 119
76 120
76 122
76 123
76 124
76 125
76 128
76 129
76 132
76 134
76 135
76 136
76 137
76 139
76 141
76 142
76 144
76 145
76 146
76 147
76 149
76 150
76 151
76 152
76 154
76 157
76 158
76 161
76 162
76 163
76 165
76 166
76 167
76 168
76 169
76 170
76 171
76 173
76 174
76 175
76 176
76 177
76 178
76 179
76 180
76 181
76 183
76 184
76 186
76 187
76 188
76 189
76 191
76 193
76 194
76 195
76 196
76 197
76 198
76 199
77 78
77 80
77 81
77 82
77 83
77 84
77 85
77 87
77 90
77 91
77 92
77 93
77 94
77 95
77 96
77 100
77 101
77 102
77 103
77 106
77 107
77 109
77 110
77 111
77 113
77 114
77 117
77 118
77 119
77 121
77 122
77 126
77 128
77 130
77 131
77 132
77 133
77 134
77 136
77 137
77 138
77 139
77 141
77 142
77 143
77 145
77 146
77 147
77 149
77 150
77 151
77 152
77 153
77 155
77 157
77 160
77 161
77 162
77 163
77 164
77 166
77 169
77 171
77 172
77 173
77 174
77 175
77 177
77 181
77 182
77 183
77 184
77 186
77 187
77 188
77 189
77 191
77 192
77 193
77 194
77 196
77 199
77 200
78 79
78 80
78 81
78 82
78 83
78 86
78 87
78 90
78 91
78 94
78 96
78 97
78 98
78 100
78 102
78 103
78 104
78 106
78 108
78 110
78 112
78 113
78 116
78 118
78 122
78 123
78 124
78 125
78 126
78 127
78 130
78 131
78 133
78 134
78 136
78 137
78 138
78 139
78 141
78 145
78 147
78 149
78 151
78 152
78 153
78 154
78 156
78 158
78 160
78 162
78 163
78 164
78 165
78 166
78 168
78 169
78 170
78 172
78 173
78 174
78 175
78 176
78 177
78 179
78 181
78 182
78 183
78 184
78 185
78 186
78 187
78 188
78 189
78 191
78 192
78 193
78 195
78 196
78 198
78 199
79 80
79 82
79 84
79 85
79 86
79 87
79 88
79 91
79 92
79 94
79 95
79 96
79 97
79 98
79 99
79 100
79 101
79 102
79 103
79 104
79 105
79 106
79 107
79 108
79 109
79 110
79 111
79 113
79 115
79 118
79 119
79 120
79 121
79 126
79 127
79 128
79 129
79 131
79 132
79 133
79 135
79 136
79 140
79 141
79 142
79 143
79 144
79 145
79 146
79 147
79 148
79 149
79 152
79 153
79 156
79 157
79 160
79 161
79 162
79 163
79 165
79 166
79 170
79 171
79 172
79 174
79 175
79 176
79 178
79 179
79 180
79 181
79 183
79 185
79 186
79 188
79 189
79 190
79 191
79 192
79 194
79 195
79 196
79 197
79 198
79 199
80 81
80 82
80 83
80 84
80 85
80 86
80 87
80 88
80 90
80 93
80 94
80 95
80 96
80 97
80 99
80 100
80 101
80 103
80 105
80 106
80 107
80 108
80 109
80 110
80 111
80 112
80 113
80 114
80 115
80 116
80 117
80 118
80 121
80 123
80 124
80 125
80 126
80 127
80 128
80 129
80 130
80 132
80 133
80 134
80 135
80 136
80 137
80 138
80 139
80 141
80 143
80 144
80 145
80 146
80 148
80 150
80 151
80 152
80 153
80 154
80 155
80 156
80 159
80 160
80 161
80 162
80 163
80 166
80 168
80 169
80 171
80 172
80 175
80 177
80 178
80 179
80 180
80 181
80 182
80 184
80 185
80 188
80 189
80 190
80 191
80 192
80 193
80 194
80 195
80 196
80 198
80 199
80 200
81 82
81 83
81 84
81 85
81 86
81 87
81 88
81 91
81 92
81 95
81 96
81 97
81 99
81 102
81 103
81 106
81 108
81 109
81 110
81 113
81 114
81 115
81 116
81 118
81 119
81 120
81 121
81 123
81 124
81 125
81 126
81 129
81 132
81 133
81 134
81 135
81 138
81 139
81 140
81 141
81 142
81 143
81 145
81 146
81 147
81 148
81 149
81 151
81 152
81 153
81 154
81 156
81 157
81 158
81 159
81 160
81 161
81 162
81 163
81 164
81 166
81 167
81 168
81 170
81 171
81 173
81 177
81 180
81 183
81 184
81 185
81 186
81 187
81 190
81 192
81 194
81 196
81 197
81 199
81 200
82 83
82 85
82 86
82 87
82 88
82 89
82 90
82 91
82 92
82 93
82 94
82 95
82 96
82 97
82 98
82 99
82 100
82 101
82 102
82 103
82 104
82 105
82 108
82 110
82 111
82 112
82 113
82 114
82 115
82 116
82 117
82 118
82 119
82 121
82 123
82 125
82 126
82 127
82 128
82 130
82 131
82 134
82 136
82 138
82 139
82 140
82 141
82 142
82 143
82 145
82 146
82 147
82 148
82 149
82 151
82 153
82 154
82 156
82 157
82 158
82 161
82 162
82 163
82 164
82 166
82 167
82 168
82 171
82 172
82 174
82 175
82 176
82 177
82 180
82 181
82 182
82 183
82 184
82 185
82 187
82 188
82 189
82 190
82 191
82 193
82 194
82 195
82 197
82 198
82 200
83 84
83 85
83 88
83 90
83 91
83 92
83 93
83 94
83 95
83 96
83 98
83 99
83 101
83 102
83 104
83 105
83 106
83 107
83 110
83 111
83 112
83 114
83 115
83 116
83 117
83 118
83 119
83 120
83 121
83 124
83 125
83 126
83 128
83 130
83 131
83 133
83 134
83 136
83 137
83 138
83 139
83 140
83 141
83 142
83 143
83 145
83 146
83 147
83 148
83 149
83 154
83 155
83 156
83 157
83 159
83 160
83 161
83 167
83 169
83 170
83 174
83 176
83 177
83 178
83 179
83 180
83 182
83 183
83 184
83 186
83 187
83 189
83 190
83 191
83 192
83 194
83 195
83 196
83 197
83 198
83 199
84 85
84 86
84 87
84 88
84 89
84 90
84 91
84 92
84 93
84 95
84 96
84 97
84 98
84 99
84 100
84 101
84 102
84 103
84 104
84 106
84 109
84 112
84 113
84 114
84 115
84 117
84 118
84 119
84 120
84 121
84 122
84 123
84 125
84 126
84 127
84 128
84 129
84 131
84 133
84 134
84 137
84 138
84 139
84 141
84 142
84 143
84 144
84 146
84 147
84 148
84 150
84 151
84 152
84 154
84 155
84 156
84 157
84 159
84 160
84 161
84 163
84 164
84 167
84 169
84 170
84 172
84 173
84 174
84 175
84 179
84 180
84 183
84 184
84 185
84 186
84 188
84 189
84 190
84 191
84 192
84 193
84 194
84 195
84 197
84 198
84 199
85 86
85 87
85 88
85 89
85 90
85 93
85 95
85 96
85 97
85 99
85 101
85 106
85 107
85 109
85 110
85 111
85 114
85 116
85 118
85 119
85 120
85 121
85 124
85 125
85 127
85 128
85 130
85 133
85 137
85 138
85 139
85 141
85 142
85 143
85 144
85 145
85 146
85 147
85 148
85 151
85 152
85 156
85 159
85 160
85 161
85 162
85 163
85 164
85 165
85 168
85 169
85 172
85 174
85 175
85 176
85 179
85 180
85 181
85 182
85 183
85 184
85 185
85 186
85 187
85 188
85 189
85 192
85 193
85 194
85 195
85 196
85 197
85 198
85 200
86 87
86 89
86 90
86 91
86 92
86 93
86 94
86 96
86 99
86 100
86 103
86 104
86 106
86 108
86 110
86 111
86 112
86 113
86 114
86 115
86 117
86 119
86 120
86 121
86 122
86 124
86 125
86 126
86 127
86 128
86 129
86 130
86 131
86 133
86 135
86 136
86 137
86 138
86 139
86 140
86 141
86 142
86 143
86 144
86 145
86 146
86 147
86 148
86 149
86 150
86 154
86 158
86 159
86 161
86 162
86 163
86 164
86 167
86 169
86 170
86 172
86 173
86 174
86 175
86 176
86 177
86 178
86 179
86 181
86 182
86 185
86 186
86 188
86 189
86 190
86 191
86 192
86 197
86 198
86 200
87 88
87 91
87 92
87 94
87 95
87 96
87 97
87 98
87 99
87 101
87 104
87 105
87 106
87 107
87 109
87 110
87 111
87 112
87 115
87 116
87 118
87 119
87 120
87 122
87 123
87 125
87 126
87 127
87 129
87 130
87 132
87 133
87 137
87 138
87 139
87 141
87 142
87 143
87 145
87 146
87 148
87 149
87 150
87 151
87 152
87 153
87 154
87 156
87 157
87 158
87 159
87 160
87 161
87 162
87 163
87 164
87 166
87 167
87 168
87 169
87 171
87 172
87 174
87 175
87 181
87 182
87 185
87 188
87 189
87 190
87 191
87 193
87 194
87 195
87 196
87 197
87 199
87 200
88 89
88 90
88 91
88 92
88 94
88 96
88 98
88 99
88 100
88 101
88 102
88 103
88 104
88 107
88 108
88 109
88 110
88 111
88 112
88 113
88 114
88 115
88 116
88 117
88 121
88 122
88 125
88 127
88 128
88 129
88 133
88 134
88 135
88 136
88 137
88 138
88 140
88 141
88 143
88 144
88 146
88 147
88 148
88 150
88 151
88 152
88 154
88 155
88 156
88 157
88 159
88 160
88 161
88 162
88 164
88 165
88 166
88 167
88 169
88 170
88 171
88 172
88 173
88 174
88 175
88 177
88 178
88 181
88 183
88 185
88 187
88 188
88 189
88 190
88 192
88 193
88 194
88 195
88 196
88 197
88 199
89 90
89 91
89 92
89 94
89 95
89 97
89 99
89 101
89 102
89 104
89 105
89 106
89 107
89 109
89 111
89 112
89 113
89 116
89 118
89 120
89 122
89 124
89 126
89 128
89 129
89 130
89 134
89 136
89 137
89 138
89 139
89 140
89 141
89 142
89 143
89 144
89 145
89 146
89 148
89 149
89 150
89 151
89 152
89 153
89 154
89 158
89 160
89 161
89 163
89 165
89 169
89 170
89 171
89 172
89 174
89 175
89 176
89 177
89 178
89 180
89 181
89 183
89 184
89 186
89 187
89 189
89 194
89 195
89 196
89 198
89 199
90 91
90 94
90 95
90 97
90 98
90 99
90 100
90 101
90 102
90 103
90 104
90 105
90 106
90 107
90 109
90 110
90 111
90 112
90 113
90 115
90 116
90 117
90 118
90 120
90 121
90 123
90 125
90 128
90 132
90 133
90 135
90 137
90 138
90 139
90 141
90 142
90 143
90 144
90 146
90 147
90 148
90 150
90 154
90 155
90 156
90 157
90 159
90 160
90 161
90 162
90 164
90 165
90 167
90 168
90 169
90 170
90 171
90 172
90 174
90 175
90 176
90 177
90 178
90 179
90 182
90 183
90 184
90 186
90 188
90 190
90 191
90 192
90 193
90 194
90 196
90 198
91 92
91 93
91 95
91 96
91 97
91 98
91 99
91 101
91 102
91 103
91 104
91 105
91 106
91 107
91 108
91 109
91 110
91 111
91 112
91 113
91 118
91 119
91 120
91 122
91 123
91 124
91 125
91 129
91 130
91 132
91 133
91 134
91 135
91 139
91 140
91 141
91 142
91 143
91 144
91 145
91 146
91 147
91 149
91 151
91 152
91 153
91 154
91 155
91 156
91 157
91 158
91 163
91 164
91 167
91 168
91 169
91 171
91 173
91 174
91 176
91 177
91 180
91 181
91 184
91 185
91 186
91 188
91 190
91 191
91 192
91 193
91 197
91 198
91 199
91 200
92 93
92 94
92 95
92 96
92 97
92 98
92 99
92 100
92 102
92 103
92 104
92 105
92 106
92 107
92 109
92 111
92 113
92 115
92 117
92 118
92 120
92 122
92 123
92 125
92 126
92 127
92 129
92 130
92 131
92 133
92 134
92 135
92 136
92 138
92 140
92 141
92 143
92 144
92 145
92 146
92 149
92 150
92 153
92 155
92 156
92 157
92 158
92 159
92 160
92 161
92 162
92 163
92 164
92 165
92 166
92 168
92 169
92 170
92 171
92 172
92 173
92 174
92 176
92 177
92 179
92 180
92 181
92 182
92 183
92 184
92 186
92 189
92 190
92 191
92 193
92 195
92 196
92 197
92 199
93 94
93 95
93 96
93 99
93 100
93 101
93 102
93 104
93 108
93 110
93 112
93 113
93 114
93 116
93 118
93 120
93 121
93 122
93 123
93 124
93 125
93 127
93 128
93 129
93 131
93 132
93 133
93 134
93 135
93 136
93 137
93 139
93 142
93 143
93 144
93 145
93 147
93 148
93 149
93 150
93 152
93 154
93 156
93 157
93 158
93 159
93 161
93 162
93 163
93 165
93 168
93 170
93 171
93 172
93 173
93 174
93 175
93 176
93 177
93 178
93 179
93 181
93 182
93 184
93 187
93 189
93 190
93 191
93 192
93 193
93 194
93 198
93 200
94 95
94 97
94 99
94 100
94 101
94 102
94 104
94 105
94 106
94 107
94 112
94 113
94 117
94 118
94 119
94 120
94 121
94 122
94 123
94 124
94 126
94 127
94 128
94 129
94 130
94 132
94 134
94 135
94 136
94 137
94 138
94 139
94 140
94 143
94 145
94 146
94 147
94 148
94 149
94 150
94 155
94 157
94 158
94 159
94 160
94 162
94 163
94 164
94 167
94 168
94 169
94 171
94 172
94 174
94 175
94 176
94 177
94 179
94 181
94 182
94 185
94 186
94 187
94 189
94 191
94 193
94 196
94 197
94 198
94 199
95 96
95 98
95 99
95 100
95 101
95 102
95 103
95 104
95 105
95 106
95 108
95 109
95 110
95 112
95 113
95 115
95 116
95 117
95 118
95 122
95 123
95 124
95 125
95 126
95 127
95 128
95 129
95 130
95 131
95 132
95 133
95 136
95 137
95 138
95 139
95 140
95 141
95 142
95 143
95 144
95 147
95 148
95 149
95 150
95 152
95 153
95 154
95 155
95 156
95 157
95 158
95 160
95 161
95 163
95 164
95 165
95 166
95 167
95 168
95 171
95 172
95 173
95 174
95 175
95 176
95 177
95 178
95 179
95 180
95 181
95 182
95 184
95 185
95 186
95 188
95 191
95 192
95 195
95 196
95 198
95 200
96 97
96 98
96 99
96 100
96 101
96 102
96 105
96 106
96 107
96 108
96 109
96 110
96 112
96 114
96 115
96 116
96 117
96 121
96 122
96 123
96 124
96 126
96 127
96 129
96 131
96 134
96 135
96 136
96 137
96 140
96 141
96 142
96 143
96 144
96 145
96 146
96 147
96 149
96 150
96 151
96 152
96 153
96 154
96 155
96 157
96 158
96 159
96 161
96 162
96 163
96 165
96 166
96 167
96 168
96 169
96 170
96 171
96 172
96 174
96 176
96 177
96 178
96 179
96 180
96 182
96 184
96 185
96 187
96 188
96 190
96 191
96 192
96 196
96 198
96 199
96 200
97 98
97 99
97 101
97 102
97 103
97 104
97 106
97 107
97 108
97 109
97 112
97 115
97 116
97 117
97 120
97 123
97 125
97 127
97 128
97 129
97 131
97 133
97 134
97 138
97 139
97 140
97 141
97 142
97 145
97 146
97 149
97 152
97 153
97 154
97 155
97 156
97 158
97 159
97 160
97 161
97 163
97 164
97 165
97 167
97 169
97 170
97 171
97 172
97 174
97 175
97 176
97 179
97 181
97 183
97 185
97 186
97 187
97 188
97 195
97 197
97 198
97 199
98 99
98 101
98 105
98 107
98 108
98 109
98 110
98 111
98 112
98 113
98 114
98 115
98 116
98 117
98 119
98 121
98 127
98 128
98 129
98 130
98 134
98 136
98 139
98 140
98 142
98 144
98 145
98 146
98 147
98 148
98 149
98 150
98 151
98 154
98 157
98 158
98 160
98 161
98 165
98 167
98 169
98 171
98 173
98 174
98 177
98 179
98 188
98 192
98 193
98 195
98 196
98 197
98 198
98 199
98 200
99 100
99 101
99 102
99 103
99 104
99 105
99 106
99 107
99 108
99 110
99 111
99 112
99 113
99 114
99 115
99 116
99 117
99 118
99 119
99 120
99 121
99 122
99 123
99 124
99 125
99 127
99 128
99 129
99 130
99 132
99 133
99 134
99 135
99 136
99 138
99 139
99 142
99 143
99 144
99 146
99 147
99 148
99 149
99 150
99 151
99 152
99 153
99 154
99 157
99 158
99 159
99 160
99 161
99 163
99 164
99 165
99 167
99 168
99 169
99 170
99 171
99 172
99 173
99 174
99 175
99 176
99 178
99 179
99 180
99 181
99 182
99 183
99 185
99 186
99 187
99 188
99 189
99 191
99 192
99 194
99 195
99 196
99 198
99 199
99 200
100 101
100 102
100 104
100 105
100 106
100 107
100 108
100 110
100 111
100 114
100 115
100 116
100 117
100 118
100 119
100 120
100 121
100 122
100 123
100 125
100 127
100 129
100 130
100 131
100 132
100 133
100 134
100 137
100 138
100 139
100 140
100 141
100 143
100 145
100 146
100 147
100 149
100 150
100 151
100 152
100 153
100 154
100 155
100 156
100 158
100 160
100 161
100 162
100 164
100 165
100 166
100 167
100 169
100 170
100 171
100 172
100 176
100 177
100 179
100 180
100 181
100 182
100 183
100 184
100 185
100 187
100 188
100 191
100 192
100 193
100 195
100 196
100 198
100 200
101 102
101 103
101 104
101 105
101 106
101 107
101 111
101 112
101 113
101 114
101 115
101 116
101 117
101 118
101 119
101 120
101 121
101 122
101 123
101 125
101 127
101 130
101 131
101 132
101 133
101 135
101 137
101 140
101 141
101 142
101 143
101 144
101 145
101 146
101 150
101 152
101 153
101 154
101 157
101 158
101 160
101 163
101 164
101 165
101 166
101 168
101 170
101 172
101 173
101 175
101 179
101 180
101 181
101 182
101 183
101 184
101 186
101 187
101 189
101 191
101 192
101 193
101 196
101 197
101 198
101 199
102 103
102 105
102 106
102 109
102 110
102 111
102 112
102 113
102 114
102 115
102 116
102 117
102 118
102 119
102 120
102 122
102 123
102 125
102 126
102 127
102 128
102 129
102 130
102 132
102 133
102 134
102 135
102 137
102 138
102 140
102 141
102 143
102 145
102 146
102 148
102 150
102 152
102 153
102 154
102 155
102 156
102 161
102 164
102 165
102 166
102 168
102 169
102 172
102 173
102 174
102 175
102 176
102 177
102 178
102 180
102 182
102 183
102 185
102 186
102 187
102 188
102 192
102 194
102 195
102 196
102 197
102 198
102 199
102 200
103 104
103 107
103 109
103 112
103 116
103 117
103 119
103 120
103 122
103 123
103 124
103 127
103 129
103 130
103 133
103 134
103 135
103 136
103 137
103 138
103 140
103 141
103 142
103 143
103 145
103 146
103 150
103 151
103 152
103 153
103 157
103 161
103 162
103 165
103 168
103 170
103 172
103 175
103 177
103 178
103 180
103 182
103 184
103 186
103 187
103 188
103 190
103 191
103 193
103 194
103 195
103 196
103 197
103 198
104 105
104 108
104 109
104 110
104 112
104 117
104 118
104 122
104 123
104 125
104 126
104 127
104 128
104 129
104 132
104 133
104 134
104 135
104 138
104 139
104 140
104 141
104 142
104 143
104 146
104 147
104 148
104 149
104 150
104 151
104 152
104 153
104 155
104 157
104 158
104 161
104 164
104 166
104 168
104 169
104 170
104 171
104 173
104 174
104 175
104 176
104 177
104 180
104 183
104 184
104 187
104 188
104 190
104 195
104 196
104 197
104 199
104 200
105 106
105 107
105 108
105 111
105 112
105 114
105 115
105 116
105 118
105 120
105 121
105 123
105 125
105 126
105 127
105 130
105 131
105 132
105 134
105 135
105 136
105 138
105 140
105 141
105 142
105 144
105 146
105 147
105 148
105 151
105 153
105 154
105 155
105 156
105 157
105 159
105 163
105 164
105 166
105 167
105 170
105 171
105 172
105 173
105 177
105 179
105 181
105 182
105 184
105 186
105 188
105 189
105 190
105 192
105 193
105 194
105 195
105 196
105 198
105 200
106 107
106 108
106 109
106 110
106 112
106 113
106 114
106 116
106 117
106 118
106 119
106 120
106 128
106 129
106 130
106 131
106 133
106 134
106 137
106 138
106 139
106 140
106 142
106 145
106 146
106 147
106 148
106 149
106 150
106 151
106 152
106 153
106 154
106 157
106 158
106 159
106 161
106 162
106 163
106 165
106 166
106 167
106 168
106 170
106 173
106 174
106 175
106 176
106 177
106 178
106 179
106 180
106 181
106 182
106 183
106 185
106 188
106 189
106 190
106 191
106 192
106 193
106 194
106 196
106 199
106 200
107 108
107 109
107 110
107 112
107 113
107 115
107 116
107 117
107 118
107 119
107 121
107 122
107 123
107 124
107 125
107 126
107 127
107 129
107 132
107 133
107 134
107 135
107 136
107 137
107 138
107 139
107 140
107 141
107 142
107 143
107 144
107 151
107 152
107 153
107 155
107 157
107 158
107 160
107 161
107 162
107 164
107 165
107 166
107 169
107 170
107 171
107 172
107 173
107 174
107 175
107 178
107 179
107 180
107 181
107 182
107 184
107 185
107 186
107 188
107 189
107 190
107 192
107 193
107 194
107 195
108 109
108 111
108 113
108 114
108 115
108 118
108 119
108 122
108 123
108 124
108 125
108 128
108 129
108 130
108 131
108 132
108 133
108 134
108 136
108 137
108 138
108 139
108 140
108 142
108 143
108 144
108 147
108 148
108 149
108 150
108 151
108 152
108 153
108 154
108 155
108 156
108 158
108 160
108 161
108 162
108 163
108 166
108 167
108 170
108 172
108 174
108 175
108 177
108 178
108 179
108 180
108 181
108 182
108 183
108 184
108 185
108 186
108 187
108 189
108 192
108 193
108 195
108 197
108 199
108 200
109 110
109 111
109 112
109 113
109 115
109 116
109 117
109 118
109 119
109 120
109 121
109 124
109 125
109 126
109 127
109 130
109 132
109 133
109 134
109 137
109 138
109 139
109 140
109 141
109 142
109 143
109 147
109 148
109 150
109 151
109 152
109 153
109 155
109 157
109 160
109 163
109 164
109 165
109 166
109 167
109 169
109 170
109 171
109 173
109 175
109 176
109 177
109 178
109 180
109 182
109 183
109 184
109 187
109 188
109 189
109 190
109 194
109 195
109 196
109 198
109 199
110 111
110 112
110 113
110 114
110 115
110 117
110 118
110 120
110 121
110 122
110 123
110 124
110 125
110 126
110 128
110 129
110 131
110 132
110 133
110 134
110 135
110 136
110 137
110 138
110 139
110 140
110 142
110 143
110 144
110 145
110 146
110 147
110 148
110 149
110 150
110 151
110 152
110 154
110 155
110 159
110 160
110 161
110 163
110 164
110 165
110 166
110 167
110 168
110 169
110 170
110 173
110 174
110 175
110 176
110 177
110 178
110 179
110 180
110 182
110 186
110 188
110 189
110 190
110 191
110 192
110 194
110 195
111 112
111 113
111 116
111 117
111 118
111 119
111 121
111 122
111 125
111 126
111 127
111 128
111 129
111 130
111 132
111 133
111 135
111 136
111 137
111 138
111 140
111 141
111 142
111 143
111 144
111 145
111 148
111 149
111 150
111 151
111 152
111 153
111 154
111 155
111 156
111 157
111 159
111 161
111 162
111 163
111 165
111 166
111 168
111 170
111 171
111 172
111 173
111 174
111 175
111 176
111 177
111 179
111 180
111 182
111 183
111 186
111 188
111 189
111 192
111 193
111 194
111 195
111 196
111 198
111 200
112 113
112 116
112 117
112 118
112 119
112 120
112 121
112 122
112 123
112 124
112 125
112 127
112 128
112 130
112 131
112 134
112 136
112 137
112 138
112 140
112 141
112 144
112 145
112 147
112 148
112 149
112 150
112 151
112 152
112 153
112 156
112 157
112 158
112 159
112 160
112 161
112 162
112 164
112 165
112 167
112 168
112 169
112 170
112 172
112 174
112 175
112 176
112 178
112 180
112 184
112 186
112 187
112 188
112 190
112 192
112 193
112 194
112 195
112 196
112 197
112 198
112 199
112 200
113 114
113 115
113 118
113 121
113 123
113 124
113 125
113 126
113 127
113 129
113 130
113 131
113 132
113 133
113 135
113 136
113 138
113 139
113 140
113 141
113 142
113 143
113 144
113 146
113 148
113 150
113 152
113 153
113 154
113 155
113 157
113 159
113 160
113 161
113 162
113 163
113 164
113 165
113 166
113 169
113 170
113 171
113 172
113 173
113 175
113 176
113 177
113 180
113 181
113 182
113 183
113 185
113 188
113 189
113 190
113 191
113 192
113 193
113 194
113 196
113 197
113 198
113 199
114 115
114 116
114 117
114 119
114 120
114 121
114 122
114 123
114 124
114 125
114 126
114 128
114 130
114 131
114 132
114 133
114 134
114 135
114 136
114 138
114 139
114 140
114 142
114 143
114 144
114 145
114 146
114 150
114 152
114 154
114 155
114 156
114 158
114 159
114 160
114 161
114 162
114 163
114 166
114 167
114 168
114 170
114 171
114 172
114 176
114 178
114 179
114 180
114 181
114 183
114 184
114 185
114 186
114 187
114 188
114 190
114 191
114 192
114 193
114 195
114 196
114 197
114 198
114 199
115 116
115 117
115 118
115 120
115 121
115 122
115 123
115 125
115 126
115 127
115 129
115 130
115 133
115 134
115 135
115 136
115 137
115 138
115 139
115 140
115 141
115 142
115 143
115 144
115 145
115 146
115 147
115 149
115 150
115 151
115 152
115 153
115 155
115 156
115 157
115 158
115 159
115 160
115 161
115 162
115 163
115 164
115 165
115 166
115 169
115 170
115 171
115 174
115 175
115 177
115 178
115 179
115 180
115 183
115 184
115 185
115 186
115 188
115 190
115 191
115 192
115 196
115 197
115 198
115 199
115 200
116 117
116 120
116 121
116 122
116 123
116 124
116 126
116 127
116 128
116 130
116 131
116 132
116 134
116 135
116 136
116 139
116 140
116 141
116 142
116 143
116 144
116 145
116 147
116 148
116 152
116 154
116 155
116 157
116 158
116 160
116 161
116 162
116 163
116 164
116 165
116 167
116 170
116 171
116 175
116 178
116 179
116 180
116 182
116 184
116 186
116 188
116 189
116 190
116 193
116 194
116 195
116 196
116 197
116 198
116 200
117 118
117 119
117 123
117 124
117 125
117 126
117 127
117 129
117 130
117 131
117 132
117 133
117 134
117 135
117 136
117 137
117 138
117 141
117 142
117 143
117 144
117 147
117 148
117 150
117 152
117 153
117 154
117 155
117 156
117 157
117 158
117 160
117 161
117 162
117 163
117 164
117 166
117 167
117 168
117 169
117 171
117 172
117 173
117 174
117 175
117 176
117 177
117 180
117 181
117 182
117 183
117 186
117 187
117 188
117 191
117 193
117 194
117 195
117 197
117 198
117 199
118 119
118 120
118 121
118 122
118 123
118 124
118 127
118 128
118 130
118 131
118 132
118 134
118 135
118 136
118 137
118 138
118 139
118 140
118 141
118 142
118 144
118 145
118 146
118 147
118 148
118 149
118 150
118 151
118 152
118 155
118 156
118 157
118 160
118 161
118 163
118 164
118 165
118 166
118 167
118 169
118 171
118 173
118 174
118 175
118 177
118 179
118 180
118 181
118 182
118 183
118 184
118 186
118 187
118 188
118 190
118 191
118 192
118 194
118 195
118 196
118 197
118 198
118 200
119 120
119 121
119 122
119 124
119 125
119 127
119 131
119 132
119 133
119 134
119 135
119 136
119 137
119 138
119 139
119 140
119 141
119 142
119 144
119 145
119 146
119 147
119 148
119 151
119 152
119 153
119 154
119 156
119 157
119 158
119 159
119 160
119 161
119 165
119 166
119 167
119 168
119 169
119 170
119 171
119 172
119 173
119 175
119 177
119 179
119 183
119 184
119 185
119 186
119 187
119 189
119 190
119 191
119 192
119 194
119 195
119 197
119 198
119 199
119 200
120 121
120 123
120 125
120 126
120 127
120 129
120 133
120 134
120 135
120 136
120 137
120 138
120 141
120 143
120 144
120 145
120 146
120 148
120 149
120 150
120 151
120 152
120 153
120 156
120 161
120 162
120 164
120 165
120 166
120 167
120 168
120 169
120 171
120 172
120 173
120 174
120 176
120 177
120 178
120 179
120 180
120 182
120 183
120 184
120 186
120 187
120 188
120 189
120 190
120 191
120 192
120 195
120 196
120 197
120 198
120 199
120 200
121 122
121 124
121 125
121 126
121 127
121 128
121 131
121 132
121 133
121 134
121 135
121 137
121 139
121 140
121 142
121 143
121 144
121 148
121 149
121 150
121 151
121 152
121 155
121 156
121 157
121 158
121 159
121 160
121 161
121 162
121 163
121 165
121 167
121 169
121 170
121 171
121 172
121 174
121 177
121 178
121 179
121 180
121 181
121 182
121 183
121 184
121 185
121 186
121 187
121 188
121 189
121 191
121 192
121 195
121 197
121 198
121 199
121 200
122 123
122 124
122 125
122 126
122 128
122 130
122 132
122 133
122 136
122 137
122 139
122 140
122 141
122 142
122 144
122 145
122 146
122 147
122 149
122 150
122 151
122 152
122 153
122 154
122 155
122 156
122 158
122 160
122 162
122 164
122 166
122 168
122 169
122 170
122 173
122 175
122 176
122 177
122 178
122 179
122 180
122 181
122 182
122 184
122 186
122 187
122 188
122 190
122 192
122 193
122 194
122 196
122 198
122 199
122 200
123 124
123 126
123 127
123 128
123 129
123 130
123 131
123 132
123 133
123 134
123 135
123 136
123 137
123 138
123 139
123 140
123 141
123 142
123 143
123 144
123 145
123 146
123 147
123 150
123 151
123 154
123 157
123 158
123 160
123 161
123 162
123 163
123 164
123 165
123 167
123 169
123 171
123 172
123 173
123 174
123 175
123 176
123 177
123 179
123 180
123 181
123 182
123 183
123 184
123 185
123 186
123 188
123 190
123 192
123 194
123 195
123 196
123 197
123 198
123 199
124 125
124 126
124 129
124 130
124 131
124 132
124 134
124 135
124 137
124 138
124 140
124 141
124 143
124 144
124 145
124 147
124 148
124 149
124 151
124 152
124 153
124 154
124 157
124 159
124 160
124 161
124 162
124 163
124 164
124 166
124 168
124 170
124 171
124 173
124 174
124 175
124 176
124 177
124 178
124 179
124 181
124 182
124 183
124 184
124 185
124 186
124 187
124 188
124 191
124 194
124 195
124 196
124 197
124 198
124 199
125 126
125 127
125 128
125 129
125 130
125 135
125 136
125 138
125 139
125 140
125 143
125 145
125 151
125 152
125 153
125 154
125 155
125 158
125 159
125 160
125 161
125 164
125 165
125 167
125 169
125 170
125 172
125 174
125 176
125 181
125 182
125 184
125 185
125 186
125 189
125 190
125 192
125 193
125 194
125 195
125 196
125 197
125 199
126 127
126 128
126 129
126 130
126 131
126 132
126 133
126 134
126 135
126 136
126 137
126 138
126 141
126 143
126 144
126 145
126 146
126 147
126 148
126 149
126 150
126 153
126 154
126 156
126 158
126 160
126 161
126 162
126 164
126 165
126 166
126 168
126 169
126 170
126 171
126 172
126 173
126 174
126 175
126 178
126 180
126 182
126 185
126 186
126 187
126 188
126 191
126 192
126 193
126 194
126 195
126 196
126 198
126 200
127 128
127 130
127 132
127 133
127 134
127 136
127 138
127 139
127 141
127 142
127 145
127 146
127 149
127 153
127 154
127 156
127 158
127 159
127 160
127 161
127 162
127 164
127 165
127 166
127 167
127 168
127 169
127 170
127 171
127 172
127 174
127 175
127 177
127 180
127 181
127 182
127 183
127 184
127 186
127 187
127 188
127 189
127 191
127 194
127 195
127 196
127 199
128 129
128 133
128 134
128 138
128 139
128 140
128 141
128 142
128 144
128 146
128 148
128 150
128 152
128 153
128 154
128 155
128 156
128 157
128 158
128 159
128 160
128 163
128 164
128 166
128 168
128 169
128 170
128 171
128 173
128 175
128 176
128 177
128 179
128 182
128 183
128 184
128 185
128 186
128 187
128 190
128 191
128 192
128 193
128 195
128 196
128 199
128 200
129 130
129 131
129 132
129 133
129 135
129 136
129 137
129 138
129 140
129 141
129 143
129 144
129 145
129 149
129 151
129 153
129 154
129 155
129 156
129 157
129 158
129 159
129 160
129 162
129 163
129 164
129 165
129 166
129 167
129 168
129 171
129 172
129 173
129 174
129 175
129 176
129 179
129 181
129 182
129 186
129 187
129 188
129 189
129 190
129 191
129 192
129 193
129 194
129 196
129 197
129 199
129 200
130 131
130 132
130 133
130 134
130 136
130 137
130 138
130 139
130 140
130 141
130 142
130 143
130 144
130 146
130 147
130 148
130 149
130 150
130 152
130 153
130 154
130 155
130 156
130 157
130 158
130 160
130 162
130 163
130 165
130 166
130 167
130 169
130 170
130 171
130 172
130 173
130 174
130 176
130 177
130 179
130 180
130 182
130 183
130 184
130 185
130 186
130 187
130 188
130 189
130 190
130 191
130 192
130 194
130 195
130 196
130 197
130 198
130 199
130 200
131 132
131 134
131 135
131 136
131 137
131 139
131 140
131 141
131 142
131 144
131 146
131 147
131 148
131 149
131 150
131 152
131 153
131 154
131 155
131 158
131 160
131 161
131 162
131 163
131 165
131 166
131 167
131 168
131 170
131 171
131 172
131 173
131 174
131 175
131 177
131 178
131 179
131 182
131 183
131 184
131 186
131 188
131 189
131 190
131 191
131 192
131 194
131 198
131 199
132 133
132 134
132 135
132 136
132 137
132 138
132 142
132 143
132 144
132 146
132 147
132 149
132 150
132 152
132 154
132 155
132 156
132 158
132 159
132 164
132 165
132 166
132 167
132 168
132 169
132 170
132 171
132 172
132 174
132 175
132 177
132 178
132 179
132 180
132 181
132 182
132 183
132 184
132 185
132 186
132 188
132 189
132 190
132 192
132 194
132 196
132 197
132 198
132 199
132 200
133 134
133 137
133 139
133 140
133 141
133 144
133 146
133 147
133 148
133 150
133 151
133 152
133 155
133 156
133 157
133 158
133 159
133 160
133 161
133 163
133 164
133 165
133 166
133 167
133 168
133 171
133 173
133 174
133 176
133 178
133 179
133 182
133 183
133 184
133 186
133 187
133 188
133 190
133 191
133 193
133 194
133 195
133 197
133 198
133 199
134 135
134 137
134 138
134 139
134 140
134 142
134 145
134 146
134 147
134 148
134 152
134 153
134 155
134 156
134 157
134 158
134 161
134 163
134 164
134 165
134 166
134 167
134 169
134 170
134 172
134 175
134 176
134 177
134 178
134 180
134 181
134 184
134 185
134 186
134 187
134 188
134 189
134 190
134 191
134 192
134 193
134 195
134 197
134 199
135 136
135 137
135 139
135 142
135 143
135 144
135 145
135 147
135 148
135 149
135 150
135 151
135 152
135 153
135 154
135 155
135 160
135 161
135 162
135 163
135 166
135 167
135 170
135 171
135 172
135 173
135 174
135 176
135 177
135 178
135 180
135 182
135 183
135 184
135 185
135 187
135 189
135 194
135 196
135 197
135 198
135 199
136 137
136 138
136 139
136 140
136 141
136 142
136 144
136 145
136 146
136 147
136 148
136 149
136 151
136 152
136 153
136 154
136 155
136 156
136 157
136 158
136 159
136 161
136 162
136 163
136 164
136 165
136 166
136 167
136 168
136 170
136 171
136 172
136 173
136 178
136 179
136 181
136 183
136 184
136 185
136 188
136 189
136 190
136 191
136 192
136 193
136 194
136 195
136 196
136 197
136 198
137 138
137 139
137 140
137 141
137 142
137 143
137 144
137 146
137 147
137 148
137 149
137 151
137 152
137 153
137 154
137 155
137 156
137 157
137 158
137 159
137 165
137 166
137 168
137 170
137 171
137 173
137 174
137 175
137 176
137 177
137 179
137 181
137 182
137 183
137 184
137 185
137 186
137 187
137 188
137 189
137 190
137 191
137 192
137 193
137 194
137 195
137 197
137 198
137 199
138 139
138 140
138 142
138 143
138 145
138 147
138 149
138 152
138 153
138 154
138 155
138 156
138 157
138 158
138 159
138 161
138 162
138 164
138 165
138 166
138 167
138 168
138 169
138 170
138 172
138 174
138 175
138 176
138 177
138 178
138 179
138 180
138 181
138 183
138 185
138 188
138 189
138 190
138 191
138 192
138 194
138 196
138 197
138 199
139 140
139 141
139 142
139 143
139 149
139 150
139 151
139 152
139 156
139 157
139 158
139 159
139 160
139 162
139 164
139 167
139 169
139 170
139 172
139 174
139 177
139 178
139 179
139 181
139 182
139 184
139 185
139 187
139 188
139 189
139 190
139 191
139 192
139 193
139 194
139 197
139 198
139 199
139 200
140 141
140 142
140 144
140 145
140 146
140 147
140 148
140 149
140 151
140 152
140 154
140 156
140 157
140 158
140 159
140 161
140 163
140 165
140 166
140 168
140 169
140 172
140 173
140 176
140 177
140 178
140 180
140 181
140 184
140 185
140 186
140 187
140 190
140 191
140 192
140 193
140 194
140 195
140 197
140 198
140 199
141 142
141 143
141 145
141 146
141 147
141 148
141 149
141 150
141 152
141 154
141 155
141 156
141 159
141 161
141 162
141 165
141 166
141 167
141 168
141 169
141 170
141 171
141 173
141 175
141 178
141 179
141 180
141 181
141 182
141 183
141 184
141 185
141 187
141 188
141 191
141 192
141 193
141 195
141 197
141 198
141 200
142 143
142 144
142 145
142 146
142 147
142 148
142 152
142 155
142 156
142 159
142 161
142 163
142 164
142 165
142 166
142 168
142 170
142 173
142 176
142 177
142 178
142 179
142 182
142 183
142 184
142 185
142 188
142 189
142 190
142 191
142 192
142 193
142 195
142 198
143 144
143 145
143 146
143 147
143 149
143 152
143 153
143 154
143 155
143 156
143 157
143 158
143 159
143 161
143 162
143 163
143 165
143 166
143 167
143 168
143 170
143 171
143 172
143 173
143 174
143 175
143 176
143 177
143 178
143 182
143 184
143 185
143 186
143 187
143 188
143 189
143 190
143 191
143 192
143 193
143 194
143 195
143 196
143 198
143 199
144 145
144 146
144 147
144 148
144 149
144 150
144 151
144 154
144 155
144 157
144 158
144 160
144 162
144 163
144 165
144 169
144 170
144 171
144 172
144 173
144 174
144 177
144 179
144 180
144 181
144 182
144 184
144 185
144 186
144 187
144 188
144 189
144 190
144 192
144 193
144 194
144 195
144 196
144 197
144 198
145 146
145 147
145 148
145 151
145 152
145 153
145 154
145 155
145 156
145 157
145 158
145 161
145 163
145 164
145 165
145 167
145 170
145 172
145 174
145 175
145 176
145 177
145 178
145 179
145 180
145 181
145 182
145 183
145 184
145 187
145 189
145 190
145 192
145 193
145 197
145 198
145 199
145 200
146 147
146 148
146 149
146 150
146 151
146 152
146 154
146 156
146 157
146 158
146 159
146 160
146 161
146 163
146 164
146 165
146 166
146 167
146 171
146 172
146 173
146 174
146 175
146 178
146 181
146 183
146 187
146 188
146 189
146 190
146 191
146 192
146 198
146 199
146 200
147 148
147 151
147 152
147 153
147 154
147 155
147 156
147 157
147 158
147 159
147 160
147 161
147 162
147 163
147 164
147 166
147 167
147 168
147 169
147 170
147 175
147 177
147 178
147 179
147 181
147 182
147 183
147 185
147 191
147 192
147 193
147 195
147 196
147 198
147 199
147 200
148 149
148 150
148 151
148 155
148 156
148 157
148 158
148 160
148 161
148 162
148 163
148 164
148 165
148 166
148 167
148 168
148 170
148 174
148 177
148 178
148 179
148 180
148 181
148 182
148 183
148 184
148 186
148 187
148 188
148 189
148 190
148 191
148 192
148 194
148 195
148 196
148 197
148 198
148 199
149 150
149 157
149 158
149 162
149 163
149 165
149 166
149 167
149 169
149 170
149 171
149 172
149 173
149 174
149 176
149 177
149 179
149 180
149 183
149 185
149 186
149 187
149 189
149 191
149 192
149 193
149 194
149 195
149 197
149 199
149 200
150 151
150 153
150 155
150 156
150 157
150 158
150 159
150 160
150 161
150 162
150 163
150 164
150 165
150 166
150 168
150 169
150 172
150 173
150 174
150 176
150 180
150 181
150 182
150 184
150 185
150 186
150 189
150 190
150 191
150 192
150 193
150 194
150 195
150 196
150 197
150 199
151 152
151 154
151 156
151 157
151 158
151 160
151 161
151 162
151 163
151 164
151 166
151 167
151 168
151 169
151 171
151 172
151 174
151 175
151 176
151 179
151 180
151 181
151 182
151 184
151 186
151 187
151 188
151 189
151 190
151 191
151 192
151 194
151 196
151 197
151 198
151 199
151 200
152 153
152 154
152 155
152 156
152 157
152 158
152 159
152 161
152 163
152 164
152 165
152 168
152 169
152 170
152 171
152 172
152 173
152 174
152 175
152 177
152 179
152 181
152 182
152 183
152 185
152 186
152 187
152 188
152 192
152 194
152 195
152 197
152 198
152 199
152 200
153 154
153 156
153 158
153 159
153 160
153 161
153 162
153 163
153 164
153 165
153 166
153 168
153 169
153 170
153 171
153 172
153 173
153 174
153 175
153 176
153 177
153 178
153 179
153 181
153 182
153 185
153 186
153 187
153 188
153 189
153 191
153 192
153 194
153 195
153 196
153 199
154 155
154 156
154 158
154 159
154 160
154 161
154 162
154 163
154 165
154 167
154 168
154 169
154 170
154 171
154 172
154 173
154 174
154 176
154 177
154 178
154 179
154 180
154 181
154 182
154 183
154 184
154 185
154 186
154 189
154 191
154 194
154 195
154 199
154 200
155 156
155 157
155 158
155 159
155 160
155 162
155 163
155 165
155 166
155 167
155 168
155 169
155 171
155 172
155 173
155 174
155 175
155 176
155 177
155 180
155 181
155 182
155 183
155 184
155 185
155 186
155 188
155 189
155 191
155 192
155 193
155 194
155 196
155 197
155 198
155 199
156 157
156 158
156 160
156 161
156 162
156 163
156 164
156 165
156 166
156 168
156 169
156 172
156 173
156 174
156 175
156 177
156 178
156 179
156 184
156 186
156 187
156 188
156 189
156 190
156 191
156 192
156 193
156 194
156 195
156 196
156 197
156 200
157 158
157 160
157 161
157 163
157 164
157 169
157 170
157 171
157 172
157 173
157 174
157 175
157 176
157 178
157 180
157 181
157 182
157 183
157 185
157 186
157 187
157 188
157 189
157 190
157 191
157 192
157 194
157 195
157 197
157 198
157 199
157 200
158 159
158 160
158 163
158 164
158 165
158 166
158 167
158 168
158 169
158 170
158 171
158 172
158 173
158 175
158 176
158 178
158 179
158 180
158 181
158 184
158 185
158 186
158 187
158 188
158 189
158 190
158 191
158 192
158 193
158 194
158 196
158 197
159 160
159 161
159 163
159 164
159 165
159 166
159 167
159 168
159 171
159 173
159 175
159 176
159 178
159 179
159 181
159 182
159 183
159 184
159 186
159 187
159 188
159 190
159 193
159 194
159 196
159 198
160 161
160 163
160 164
160 165
160 168
160 169
160 170
160 173
160 174
160 175
160 176
160 177
160 178
160 179
160 180
160 181
160 182
160 184
160 188
160 189
160 190
160 192
160 193
160 194
160 195
160 196
160 197
161 162
161 163
161 165
161 166
161 167
161 168
161 169
161 170
161 171
161 173
161 174
161 175
161 177
161 178
161 179
161 181
161 182
161 183
161 184
161 185
161 186
161 188
161 191
161 194
161 199
161 200
162 163
162 164
162 165
162 166
162 167
162 168
162 169
162 170
162 171
162 172
162 173
162 174
162 176
162 177
162 178
162 179
162 180
162 181
162 182
162 183
162 185
162 187
162 189
162 190
162 191
162 192
162 193
162 194
162 197
162 198
163 164
163 167
163 170
163 172
163 173
163 174
163 176
163 179
163 180
163 182
163 184
163 185
163 186
163 187
163 189
163 190
163 192
163 194
163 197
163 199
163 200
164 165
164 166
164 167
164 168
164 169
164 170
164 171
164 172
164 173
164 174
164 175
164 177
164 178
164 179
164 181
164 182
164 183
164 184
164 185
164 188
164 189
164 190
164 191
164 192
164 193
164 194
164 196
164 198
165 166
165 167
165 168
165 169
165 171
165 172
165 173
165 174
165 175
165 176
165 177
165 178
165 181
165 182
165 185
165 186
165 187
165 188
165 189
165 190
165 191
165 192
165 193
165 194
165 195
165 196
165 197
165 199
166 167
166 168
166 169
166 170
166 171
166 173
166 174
166 175
166 178
166 179
166 180
166 181
166 183
166 184
166 187
166 188
166 189
166 191
166 192
166 193
166 195
166 196
166 197
166 199
166 200
167 168
167 169
167 170
167 171
167 173
167 174
167 175
167 176
167 179
167 180
167 182
167 183
167 184
167 185
167 186
167 189
167 191
167 192
167 193
167 194
167 195
167 196
167 198
167 199
168 169
168 170
168 171
168 172
168 173
168 175
168 176
168 179
168 180
168 181
168 182
168 184
168 186
168 188
168 189
168 190
168 191
168 192
168 194
168 195
168 197
169 170
169 171
169 172
169 173
169 174
169 175
169 176
169 177
169 178
169 179
169 180
169 182
169 183
169 184
169 185
169 186
169 188
169 189
169 191
169 192
169 194
169 196
169 198
169 199
170 171
170 172
170 173
170 175
170 179
170 180
170 181
170 182
170 183
170 185
170 186
170 191
170 192
170 193
170 194
170 195
170 197
170 198
171 172
171 173
171 174
171 176
171 177
171 179
171 180
171 181
171 182
171 189
171 190
171 191
171 192
171 193
171 196
171 197
171 198
171 199
172 173
172 174
172 175
172 176
172 180
172 181
172 184
172 186
172 187
172 188
172 189
172 190
172 192
172 193
172 194
172 195
172 196
172 198
172 199
172 200
173 174
173 175
173 176
173 177
173 179
173 180
173 181
173 182
173 183
173 184
173 185
173 186
173 187
173 190
173 191
173 192
173 193
173 195
173 196
173 197
173 199
174 175
174 177
174 179
174 180
174 181
174 182
174 183
174 185
174 186
174 187
174 188
174 189
174 190
174 191
174 192
174 193
174 194
174 195
174 197
175 176
175 177
175 178
175 179
175 180
175 181
175 182
175 183
175 184
175 185
175 186
175 187
175 188
175 189
175 191
175 192
175 193
175 194
175 195
175 197
176 177
176 180
176 181
176 183
176 185
176 186
176 187
176 188
176 189
176 190
176 191
176 192
176 193
176 195
176 196
176 197
176 200
177 178
177 179
177 180
177 181
177 183
177 185
177 187
177 188
177 189
177 195
177 196
177 197
177 198
177 199
178 179
178 180
178 181
178 182
178 183
178 185
178 186
178 187
178 188
178 189
178 190
178 191
178 192
178 193
178 195
178 199
178 200
179 180
179 181
179 182
179 184
179 185
179 186
179 188
179 193
179 194
179 195
179 197
179 198
179 199
179 200
180 181
180 182
180 183
180 185
180 186
180 187
180 191
180 193
180 194
180 195
180 199
181 182
181 183
181 184
181 186
181 189
181 190
181 192
181 193
181 194
181 196
181 199
182 183
182 184
182 185
182 186
182 187
182 188
182 189
182 190
182 191
182 192
182 193
182 194
182 195
182 196
182 197
182 198
182 199
183 184
183 186
183 187
183 188
183 189
183 190
183 191
183 193
183 195
183 197
183 198
183 199
183 200
184 185
184 186
184 187
184 189
184 191
184 192
184 194
184 195
184 198
184 199
184 200
185 186
185 187
185 188
185 190
185 191
185 192
185 194
185 196
185 197
185 198
185 199
185 200
186 187
186 188
186 189
186 190
186 192
186 193
186 194
186 196
186 197
186 200
187 188
187 189
187 190
187 191
187 192
187 193
187 195
187 197
187 198
187 199
187 200
188 189
188 190
188 192
188 193
188 194
188 195
188 196
188 199
189 190
189 191
189 193
189 194
189 198
190 191
190 192
190 194
190 196
190 197
190 198
190 199
190 200
191 192
191 195
191 196
191 198
192 193
192 194
192 195
192 196
192 197
192 198
192 200
193 194
193 195
193 196
193 198
193 199
194 195
194 196
194 197
194 199
195 196
195 197
195 198
195 199
196 197
196 198
196 199
197 198
197 200
198 199
198 200
199 200
