200 1990
1 2
1 4
1 45
1 49
1 56
1 76
1 108
1 114
1 135
1 191
2 3
2 4
2 21
2 42
2 46
2 69
2 72
2 79
2 118
2 121
2 134
2 135
2 139
2 142
2 155
2 189
3 4
3 12
3 16
3 24
3 32
3 51
3 59
3 60
3 76
3 94
3 102
3 107
3 116
3 138
3 142
3 160
3 180
3 182
3 196
4 5
4 13
4 38
4 59
4 66
4 84
4 86
4 131
4 136
4 146
4 174
4 180
4 186
4 199
5 6
5 30
5 59
5 67
5 70
5 79
5 90
5 110
5 118
5 136
5 140
5 158
5 167
5 192
6 7
6 9
6 17
6 30
6 60
6 68
6 72
6 84
6 88
6 89
6 104
6 113
6 118
6 124
6 125
6 129
6 139
6 150
6 153
6 154
6 169
6 171
6 176
6 184
6 199
7 8
7 14
7 18
7 30
7 31
7 36
7 60
7 65
7 94
7 122
7 127
7 128
7 138
7 152
7 161
7 191
8 9
8 12
8 17
8 22
8 23
8 43
8 58
8 67
8 76
8 78
8 107
8 124
8 141
8 150
8 166
8 175
8 176
8 184
8 189
9 10
9 13
9 28
9 38
9 50
9 86
9 87
9 96
9 99
9 121
9 122
9 127
9 130
9 132
9 151
9 153
9 155
9 169
10 11
10 20
10 26
10 27
10 31
10 54
10 64
10 69
10 72
10 75
10 89
10 94
10 101
10 110
10 117
10 120
10 136
10 144
10 145
10 158
10 163
10 175
10 184
10 195
11 12
11 63
11 67
11 95
11 98
11 103
11 104
11 111
11 122
11 124
11 133
11 137
11 142
11 144
11 151
11 166
11 183
11 186
11 188
11 190
11 194
12 13
12 16
12 25
12 26
12 40
12 49
12 58
12 75
12 80
12 148
12 164
12 169
12 175
12 176
12 179
12 181
12 185
12 187
13 14
13 20
13 30
13 32
13 35
13 62
13 85
13 89
13 100
13 102
13 116
13 172
13 184
14 15
14 28
14 59
14 69
14 72
14 76
14 78
14 128
14 137
14 150
14 152
14 166
14 181
14 184
14 198
15 16
15 23
15 26
15 36
15 37
15 73
15 86
15 110
15 115
15 120
15 122
15 125
15 141
15 154
15 193
16 17
16 32
16 60
16 62
16 76
16 88
16 89
16 109
16 118
16 120
16 125
16 150
16 165
16 183
17 18
17 19
17 32
17 35
17 41
17 58
17 63
17 72
17 80
17 81
17 88
17 90
17 92
17 93
17 99
17 109
17 119
17 157
17 170
18 19
18 40
18 48
18 71
18 97
18 109
18 116
18 118
18 120
18 122
18 146
18 163
18 173
18 174
18 181
18 183
18 198
19 20
19 44
19 49
19 60
19 64
19 93
19 94
19 125
19 127
19 132
19 134
19 155
19 157
19 176
19 187
19 189
19 199
19 200
20 21
20 27
20 32
20 41
20 48
20 51
20 58
20 75
20 90
20 95
20 98
20 103
20 111
20 125
20 144
20 154
20 181
20 196
21 22
21 29
21 34
21 44
21 71
21 72
21 81
21 85
21 90
21 95
21 114
21 118
21 120
21 133
21 141
21 152
21 154
21 178
21 184
21 197
22 23
22 25
22 30
22 43
22 51
22 57
22 66
22 75
22 76
22 80
22 111
22 126
22 127
22 185
23 24
23 25
23 33
23 49
23 55
23 57
23 76
23 83
23 89
23 95
23 126
23 136
23 139
23 152
23 158
23 175
23 197
24 25
24 27
24 30
24 34
24 38
24 40
24 55
24 57
24 67
24 68
24 72
24 73
24 104
24 116
24 137
24 142
24 171
24 182
24 183
24 186
24 197
25 26
25 40
25 55
25 57
25 60
25 75
25 83
25 84
25 88
25 95
25 104
25 112
25 119
25 122
25 125
25 129
25 151
25 158
25 165
25 181
25 183
25 186
25 193
25 200
26 27
26 31
26 32
26 36
26 48
26 56
26 60
26 61
26 85
26 97
26 102
26 108
26 111
26 113
26 120
26 121
26 134
26 135
26 139
26 153
26 158
26 164
26 177
27 28
27 44
27 75
27 81
27 84
27 97
27 104
27 109
27 117
27 118
27 135
27 163
27 170
27 185
28 29
28 48
28 50
28 75
28 92
28 99
28 102
28 104
28 113
28 139
28 150
28 158
28 164
28 178
28 192
29 30
29 32
29 50
29 84
29 101
29 105
29 106
29 111
29 118
29 125
29 126
29 127
29 143
29 167
29 169
29 180
30 31
30 38
30 48
30 82
30 90
30 97
30 112
30 117
30 120
30 174
30 183
30 185
30 199
31 32
31 48
31 60
31 79
31 93
31 98
31 104
31 111
31 122
31 125
31 127
31 140
31 171
31 187
31 192
31 197
31 198
32 33
32 34
32 36
32 52
32 56
32 59
32 64
32 67
32 74
32 76
32 77
32 86
32 89
32 115
32 123
32 125
32 131
32 132
32 141
32 153
32 167
32 168
32 176
32 180
32 199
33 34
33 37
33 44
33 62
33 66
33 67
33 69
33 77
33 87
33 96
33 114
33 117
33 120
33 140
33 141
33 146
33 163
33 167
33 175
33 180
34 35
34 40
34 66
34 74
34 75
34 88
34 108
34 116
34 122
34 125
34 164
34 178
34 184
34 188
34 199
35 36
35 40
35 44
35 45
35 53
35 54
35 55
35 68
35 83
35 111
35 121
35 140
35 144
35 152
35 163
35 164
35 173
35 187
36 37
36 45
36 52
36 67
36 80
36 101
36 109
36 119
36 124
36 146
36 155
36 168
37 38
37 44
37 48
37 65
37 70
37 75
37 84
37 112
37 138
37 148
37 157
38 39
38 50
38 51
38 72
38 75
38 77
38 81
38 110
38 115
38 116
38 138
38 148
38 157
38 160
38 168
38 169
38 180
38 181
38 187
39 40
39 56
39 68
39 75
39 77
39 99
39 102
39 124
39 127
39 128
39 142
39 150
39 169
39 172
39 181
39 196
40 41
40 43
40 49
40 50
40 72
40 128
40 134
40 154
40 158
40 164
40 189
41 42
41 48
41 56
41 67
41 69
41 79
41 93
41 106
41 110
41 116
41 119
41 150
41 152
41 162
41 168
41 171
41 178
41 198
42 43
42 46
42 52
42 65
42 68
42 102
42 115
42 127
42 146
42 179
42 183
42 185
43 44
43 49
43 67
43 74
43 76
43 81
43 98
43 99
43 107
43 108
43 115
43 136
43 151
43 159
43 178
43 187
43 188
44 45
44 48
44 52
44 53
44 56
44 66
44 68
44 75
44 85
44 97
44 107
44 108
44 115
44 155
44 159
44 166
45 46
45 49
45 71
45 102
45 103
45 104
45 108
45 112
45 124
45 131
45 198
46 47
46 73
46 83
46 106
46 108
46 111
46 113
46 129
46 130
46 135
46 139
46 152
46 169
47 48
47 61
47 62
47 65
47 76
47 79
47 82
47 87
47 89
47 104
47 138
47 147
47 148
47 161
47 179
47 184
47 187
47 194
47 200
48 49
48 55
48 60
48 64
48 71
48 73
48 85
48 87
48 95
48 119
48 120
48 122
48 129
48 133
48 136
48 165
48 168
48 171
48 173
48 177
48 194
49 50
49 55
49 72
49 79
49 83
49 92
49 97
49 100
49 122
49 132
49 137
49 160
49 161
49 171
49 178
49 180
49 181
49 182
49 184
49 193
50 51
50 53
50 71
50 72
50 81
50 106
50 120
50 136
50 161
50 167
51 52
51 53
51 56
51 59
51 71
51 76
51 90
51 96
51 103
51 117
51 118
51 124
51 168
51 190
51 191
51 198
52 53
52 80
52 88
52 119
52 121
52 122
52 123
52 134
52 139
52 143
52 185
52 187
52 190
52 192
53 54
53 55
53 57
53 65
53 76
53 94
53 99
53 100
53 116
53 125
53 138
53 163
53 164
53 180
53 199
54 55
54 57
54 62
54 64
54 83
54 107
54 108
54 109
54 116
54 117
54 125
54 137
54 140
54 166
54 169
54 179
54 197
55 56
55 66
55 76
55 79
55 85
55 89
55 93
55 96
55 121
55 124
55 129
55 133
55 147
55 150
55 152
55 181
55 191
55 199
56 57
56 61
56 80
56 91
56 96
56 97
56 109
56 118
56 120
56 133
56 168
56 171
56 174
56 183
56 184
56 189
56 194
57 58
57 78
57 81
57 83
57 86
57 96
57 107
57 116
57 118
57 120
57 129
57 150
57 151
57 155
57 160
57 170
57 172
57 188
57 191
58 59
58 72
58 74
58 82
58 111
58 112
58 118
58 132
58 158
58 161
58 171
58 179
58 192
58 197
59 60
59 62
59 76
59 97
59 106
59 111
59 113
59 129
59 132
59 136
59 146
59 151
59 157
59 162
59 169
60 61
60 64
60 65
60 69
60 80
60 92
60 103
60 110
60 122
60 144
60 156
60 159
60 165
60 179
60 182
60 198
61 62
61 78
61 85
61 103
61 133
61 154
61 177
61 182
61 189
62 63
62 67
62 68
62 75
62 85
62 96
62 98
62 105
62 107
62 110
62 122
62 123
62 135
62 137
62 140
62 144
62 145
62 150
62 155
62 160
62 162
62 170
62 188
63 64
63 73
63 76
63 77
63 90
63 95
63 123
63 133
63 138
63 161
63 168
63 169
63 190
63 192
63 199
63 200
64 65
64 69
64 71
64 94
64 101
64 105
64 114
64 117
64 149
64 154
64 195
64 198
65 66
65 75
65 96
65 98
65 108
65 112
65 116
65 122
65 137
65 155
65 183
65 190
65 197
66 67
66 91
66 108
66 109
66 111
66 113
66 115
66 121
66 126
66 157
66 159
66 168
67 68
67 74
67 112
67 113
67 126
67 128
67 164
67 166
67 199
68 69
68 70
68 77
68 86
68 99
68 101
68 109
68 116
68 117
68 118
68 121
68 130
68 139
68 143
68 146
68 148
68 153
68 165
68 171
68 184
68 193
68 194
68 199
69 70
69 73
69 88
69 93
69 97
69 115
69 147
69 151
69 171
69 177
69 184
69 186
69 191
70 71
70 93
70 105
70 146
70 149
70 155
70 162
70 166
70 172
70 177
70 178
70 183
70 191
70 193
70 195
71 72
71 81
71 85
71 130
71 139
71 169
71 175
71 177
71 180
71 196
72 73
72 79
72 91
72 99
72 114
72 141
72 164
72 165
72 172
72 179
73 74
73 89
73 92
73 102
73 122
73 133
73 135
73 138
73 143
73 145
73 171
73 178
73 181
73 190
74 75
74 79
74 80
74 86
74 88
74 114
74 140
74 176
75 76
75 77
75 82
75 83
75 94
75 105
75 133
75 138
75 169
75 177
75 183
75 200
76 77
76 78
76 80
76 82
76 83
76 104
76 112
76 117
76 123
76 136
76 140
76 145
76 149
76 166
76 169
76 188
76 189
77 78
77 80
77 115
77 154
77 158
77 159
77 161
77 165
77 166
77 187
77 196
77 197
78 79
78 82
78 121
78 134
78 143
78 150
78 152
78 177
78 200
79 80
79 104
79 108
79 115
79 120
79 131
79 138
79 140
79 146
80 81
80 84
80 92
80 93
80 106
80 146
80 154
80 160
80 167
80 175
80 179
80 190
80 194
80 195
80 198
80 199
81 82
81 90
81 95
81 98
81 111
81 115
81 123
81 131
81 132
81 144
81 160
81 173
81 174
81 189
81 199
82 83
82 84
82 85
82 94
82 116
82 119
82 133
82 144
82 147
82 163
82 185
83 84
83 104
83 119
83 128
83 145
83 151
83 153
83 158
83 167
83 174
83 181
83 192
84 85
84 95
84 99
84 115
84 116
84 118
84 148
84 158
84 162
84 174
84 175
84 197
85 86
85 88
85 101
85 105
85 109
85 125
85 136
85 139
85 141
85 156
85 163
85 165
85 173
85 198
86 87
86 105
86 118
86 119
86 145
86 162
86 173
87 88
87 94
87 100
87 140
87 179
87 195
88 89
88 92
88 105
88 145
88 164
88 165
88 178
89 90
89 93
89 100
89 113
89 120
89 121
89 159
89 170
89 185
89 190
89 197
90 91
90 113
90 116
90 121
90 123
90 128
90 158
90 163
90 164
90 175
91 92
91 98
91 114
91 134
91 142
91 151
91 170
91 177
91 195
92 93
92 146
92 147
92 161
92 165
92 177
92 178
92 180
92 190
92 197
93 94
93 97
93 101
93 103
93 118
93 122
93 144
93 161
93 170
93 180
93 184
93 197
93 199
94 95
94 114
94 155
94 158
94 163
94 178
94 180
94 190
95 96
95 97
95 99
95 105
95 109
95 110
95 115
95 119
95 128
95 134
95 193
96 97
96 109
96 120
96 131
96 138
96 140
96 141
96 142
96 148
96 149
97 98
97 107
97 110
97 135
97 137
97 144
97 147
97 150
97 158
97 166
97 178
98 99
98 107
98 115
98 127
98 129
98 142
98 152
98 158
98 159
98 177
98 178
98 181
98 189
99 100
99 111
99 120
99 124
99 125
99 159
99 176
100 101
100 116
100 122
100 126
100 139
100 144
100 157
100 186
100 199
101 102
101 103
101 105
101 109
101 112
101 122
101 127
101 131
101 147
101 157
101 160
101 169
101 186
101 194
102 103
102 127
102 137
102 141
102 142
102 165
102 182
102 189
102 193
103 104
103 124
103 136
103 140
103 153
103 157
103 159
103 172
103 190
103 197
104 105
104 129
104 155
104 158
104 159
104 190
104 196
105 106
105 114
105 139
105 148
105 154
105 159
105 160
105 194
105 195
105 197
106 107
106 115
106 139
106 143
106 144
106 146
106 178
106 182
106 183
106 189
106 192
107 108
107 109
107 112
107 115
107 133
107 136
107 145
107 162
107 166
107 173
107 184
108 109
108 117
108 120
108 138
108 143
108 145
108 160
108 164
108 178
108 191
108 199
109 110
109 117
109 129
109 151
109 167
109 188
110 111
110 120
110 143
110 174
111 112
111 128
111 174
111 200
112 113
112 114
112 122
112 133
112 145
112 150
112 154
112 155
112 156
112 159
112 165
112 171
112 188
112 198
113 114
113 159
113 168
113 170
113 184
113 198
114 115
114 125
114 140
114 180
114 188
114 189
114 192
114 200
115 116
115 127
115 129
115 137
115 143
115 153
115 179
115 186
115 195
116 117
116 167
116 176
116 183
116 197
116 199
117 118
117 134
117 142
117 145
117 162
117 172
117 190
118 119
118 149
118 155
118 159
118 164
119 120
119 128
119 129
119 132
119 135
119 158
119 176
119 181
119 188
119 193
120 121
120 122
120 133
120 139
120 156
120 171
120 179
120 194
121 122
121 123
121 133
121 146
121 149
121 179
121 184
121 194
122 123
122 137
122 160
122 167
122 184
122 185
122 188
122 194
123 124
123 129
123 134
123 152
123 159
123 188
124 125
124 143
124 174
125 126
125 127
125 192
126 127
126 130
126 132
126 136
126 140
126 164
126 169
126 172
127 128
127 140
127 152
127 159
127 168
127 170
127 179
128 129
128 141
128 144
128 151
128 156
128 171
128 177
128 187
128 189
129 130
129 136
129 144
129 147
129 160
129 162
129 176
129 177
129 181
129 182
129 187
129 192
130 131
130 143
130 155
130 166
130 173
130 175
130 178
130 181
130 187
131 132
131 136
131 164
131 165
131 193
132 133
132 136
132 142
132 158
132 160
132 169
132 175
132 178
132 186
132 193
133 134
133 144
133 168
133 175
133 176
133 199
134 135
134 158
134 165
134 196
135 136
135 156
135 165
135 170
135 190
135 196
136 137
136 154
136 155
136 184
136 199
137 138
137 149
137 157
137 174
137 191
137 197
138 139
138 143
138 156
138 170
138 191
139 140
139 148
139 157
139 163
139 180
140 141
140 166
140 170
140 193
141 142
141 145
141 168
141 169
141 183
141 184
142 143
142 158
142 165
142 166
142 198
143 144
143 150
143 151
143 170
143 180
143 193
143 195
144 145
144 148
144 158
144 174
144 180
144 193
145 146
145 153
145 155
145 173
145 185
145 193
145 194
146 147
146 156
146 159
146 166
146 168
146 176
146 179
146 186
146 188
146 197
146 200
147 148
147 184
147 195
148 149
148 168
148 170
148 172
148 192
149 150
149 152
149 153
149 157
149 158
149 159
149 182
149 186
150 151
150 164
150 167
150 169
150 178
150 186
150 189
151 152
151 155
151 177
151 197
152 153
152 173
152 177
152 183
152 194
153 154
153 165
153 180
153 185
153 199
154 155
154 194
155 156
155 160
155 178
155 188
156 157
156 158
156 159
156 185
156 190
157 158
157 161
157 163
157 177
157 199
158 159
158 168
158 176
158 187
158 190
158 197
159 160
159 166
159 175
159 190
160 161
160 163
160 178
161 162
161 184
162 163
162 177
162 189
163 164
163 190
164 165
164 166
164 188
164 192
164 194
165 166
165 169
165 191
166 167
166 173
166 187
166 191
166 199
167 168
167 170
168 169
168 175
168 185
168 195
168 197
169 170
169 171
169 175
169 189
169 195
170 171
170 173
170 179
170 182
170 190
170 197
170 199
170 200
171 172
171 173
171 177
171 181
171 189
172 173
172 176
172 186
172 197
173 174
173 180
174 175
174 183
174 185
174 193
175 176
175 184
175 187
175 194
176 177
176 182
176 195
177 178
177 183
177 194
178 179
178 182
179 180
179 190
179 198
180 181
180 182
180 186
181 182
181 186
181 191
181 193
181 198
182 183
182 191
182 200
183 184
183 186
183 187
183 193
183 198
184 185
184 194
185 186
186 187
186 193
187 188
188 189
188 191
188 192
188 198
188 199
189 190
189 191
189 199
190 191
191 192
192 193
192 199
193 194
194 195
195 196
195 199
196 197
197 198
197 199
198 199
199 200
