200 3980
1 2
1 4
1 5
1 14
1 16
1 17
1 26
1 27
1 35
1 45
1 51
1 55
1 60
1 68
1 117
1 139
1 141
1 193
2 3
2 5
2 11
2 12
2 14
2 16
2 23
2 34
2 37
2 41
2 45
2 63
2 73
2 76
2 77
2 80
2 81
2 86
2 89
2 92
2 95
2 101
2 102
2 108
2 112
2 119
2 125
2 127
2 131
2 133
2 134
2 139
2 147
2 148
2 150
2 157
2 163
2 173
2 175
2 178
2 182
2 186
3 4
3 9
3 13
3 15
3 21
3 22
3 31
3 40
3 41
3 42
3 47
3 48
3 54
3 57
3 67
3 75
3 76
3 82
3 84
3 85
3 89
3 94
3 95
3 112
3 118
3 125
3 128
3 133
3 136
3 143
3 145
3 153
3 159
3 161
3 163
3 176
3 182
3 191
4 5
4 12
4 24
4 25
4 26
4 35
4 41
4 46
4 47
4 53
4 57
4 60
4 61
4 62
4 71
4 76
4 94
4 95
4 96
4 99
4 108
4 130
4 138
4 140
4 144
4 150
4 151
4 152
4 162
4 163
4 178
4 182
4 196
4 199
5 6
5 9
5 11
5 15
5 18
5 20
5 26
5 27
5 37
5 43
5 45
5 46
5 50
5 53
5 59
5 63
5 65
5 68
5 70
5 78
5 85
5 88
5 96
5 97
5 105
5 113
5 114
5 115
5 116
5 120
5 122
5 130
5 135
5 141
5 145
5 146
5 151
5 152
5 163
5 165
5 174
5 179
5 181
5 183
5 184
5 193
5 194
6 7
6 21
6 24
6 28
6 33
6 34
6 48
6 49
6 62
6 67
6 75
6 78
6 80
6 83
6 84
6 88
6 99
6 102
6 107
6 110
6 111
6 120
6 139
6 149
6 155
6 166
6 169
6 184
6 186
6 191
6 195
6 199
7 8
7 22
7 24
7 27
7 30
7 31
7 45
7 54
7 57
7 58
7 75
7 78
7 81
7 87
7 91
7 98
7 108
7 113
7 119
7 122
7 123
7 125
7 138
7 139
7 145
7 146
7 151
7 153
7 160
7 170
7 171
7 180
7 184
7 192
8 9
8 10
8 14
8 18
8 20
8 23
8 31
8 33
8 34
8 39
8 40
8 53
8 70
8 79
8 89
8 92
8 122
8 127
8 131
8 139
8 156
8 160
8 161
8 164
8 165
8 166
8 191
8 193
8 199
9 10
9 11
9 15
9 26
9 33
9 34
9 36
9 42
9 43
9 46
9 48
9 50
9 53
9 59
9 61
9 63
9 68
9 72
9 80
9 83
9 88
9 89
9 104
9 110
9 112
9 116
9 123
9 131
9 140
9 153
9 163
9 164
9 168
9 171
9 182
9 188
9 193
10 11
10 31
10 35
10 38
10 39
10 44
10 46
10 51
10 52
10 55
10 57
10 59
10 61
10 64
10 70
10 71
10 75
10 77
10 78
10 92
10 96
10 104
10 108
10 110
10 112
10 113
10 114
10 116
10 123
10 131
10 137
10 143
10 144
10 150
10 152
10 158
10 162
10 166
10 169
10 170
10 172
10 176
10 178
10 191
10 195
10 197
10 198
11 12
11 13
11 27
11 36
11 37
11 39
11 40
11 45
11 63
11 66
11 90
11 106
11 110
11 140
11 143
11 148
11 152
11 154
11 160
11 161
11 169
11 175
11 176
11 177
11 182
11 185
11 189
11 190
11 191
11 197
12 13
12 16
12 19
12 20
12 26
12 32
12 36
12 41
12 56
12 59
12 73
12 76
12 82
12 84
12 87
12 88
12 105
12 107
12 109
12 123
12 126
12 128
12 139
12 143
12 147
12 150
12 151
12 155
12 156
12 164
12 167
12 186
13 14
13 17
13 21
13 22
13 26
13 39
13 40
13 50
13 52
13 54
13 61
13 68
13 70
13 98
13 104
13 105
13 109
13 119
13 120
13 127
13 134
13 136
13 138
13 140
13 142
13 147
13 160
13 173
13 184
13 200
14 15
14 17
14 22
14 25
14 28
14 31
14 33
14 37
14 40
14 41
14 45
14 49
14 55
14 65
14 69
14 72
14 74
14 75
14 80
14 83
14 84
14 89
14 92
14 94
14 99
14 105
14 109
14 111
14 112
14 115
14 123
14 124
14 127
14 133
14 141
14 142
14 145
14 154
14 165
14 174
14 176
14 177
14 183
14 188
14 198
15 16
15 20
15 37
15 39
15 46
15 49
15 50
15 54
15 70
15 71
15 76
15 86
15 93
15 104
15 105
15 115
15 124
15 148
15 154
15 165
15 166
15 175
15 177
15 178
15 185
16 17
16 18
16 22
16 23
16 30
16 36
16 39
16 55
16 58
16 60
16 64
16 65
16 84
16 89
16 90
16 92
16 96
16 101
16 115
16 116
16 118
16 124
16 128
16 130
16 140
16 142
16 145
16 156
16 157
16 160
16 161
16 165
16 169
16 170
16 173
16 175
16 177
16 181
16 184
16 191
16 195
16 196
16 197
16 198
16 200
17 18
17 24
17 33
17 35
17 37
17 41
17 45
17 47
17 50
17 53
17 54
17 58
17 62
17 64
17 65
17 67
17 71
17 76
17 83
17 93
17 107
17 108
17 109
17 113
17 117
17 131
17 132
17 144
17 145
17 149
17 176
17 182
17 184
17 189
17 190
17 195
17 198
18 19
18 22
18 26
18 27
18 29
18 31
18 37
18 45
18 48
18 49
18 50
18 58
18 60
18 72
18 76
18 84
18 86
18 90
18 106
18 110
18 113
18 116
18 118
18 125
18 126
18 128
18 132
18 138
18 146
18 148
18 151
18 160
18 166
18 167
18 169
18 172
18 174
18 181
18 182
18 183
18 187
18 188
18 197
19 20
19 24
19 27
19 30
19 44
19 64
19 77
19 78
19 82
19 83
19 91
19 94
19 103
19 109
19 119
19 126
19 145
19 149
19 151
19 152
19 153
19 154
19 155
19 157
19 161
19 162
19 170
19 174
19 179
19 183
19 193
19 197
19 200
20 21
20 26
20 32
20 34
20 36
20 56
20 64
20 71
20 77
20 88
20 89
20 90
20 93
20 94
20 95
20 105
20 125
20 127
20 129
20 131
20 133
20 143
20 147
20 148
20 149
20 150
20 158
20 170
20 171
20 189
20 193
20 197
21 22
21 24
21 32
21 36
21 39
21 40
21 47
21 50
21 52
21 55
21 67
21 69
21 73
21 78
21 80
21 88
21 89
21 91
21 93
21 94
21 100
21 102
21 106
21 110
21 113
21 115
21 117
21 119
21 120
21 126
21 127
21 131
21 132
21 134
21 135
21 136
21 137
21 138
21 139
21 144
21 148
21 149
21 151
21 154
21 159
21 164
21 167
21 169
21 170
21 174
21 175
21 177
21 183
21 184
21 186
22 23
22 27
22 29
22 51
22 52
22 56
22 62
22 65
22 66
22 69
22 92
22 93
22 96
22 101
22 110
22 111
22 113
22 116
22 118
22 120
22 122
22 134
22 136
22 145
22 146
22 156
22 160
22 161
22 165
22 166
22 174
22 177
22 190
22 193
22 199
23 24
23 36
23 40
23 46
23 47
23 52
23 54
23 57
23 59
23 64
23 65
23 69
23 78
23 83
23 84
23 92
23 95
23 105
23 106
23 108
23 113
23 117
23 125
23 133
23 138
23 139
23 142
23 144
23 146
23 153
23 165
23 175
23 182
23 187
23 191
23 197
23 200
24 25
24 37
24 42
24 44
24 45
24 48
24 53
24 59
24 64
24 65
24 67
24 69
24 76
24 79
24 82
24 89
24 93
24 97
24 102
24 104
24 106
24 111
24 113
24 115
24 116
24 118
24 122
24 131
24 136
24 138
24 157
24 162
24 170
24 171
24 172
24 176
24 177
24 183
24 184
24 186
24 193
25 26
25 32
25 33
25 34
25 35
25 40
25 42
25 43
25 47
25 49
25 52
25 57
25 66
25 74
25 83
25 84
25 91
25 94
25 97
25 99
25 100
25 101
25 105
25 109
25 115
25 125
25 126
25 133
25 144
25 147
25 149
25 155
25 158
25 161
25 163
25 182
25 184
25 186
25 187
25 190
25 192
25 193
25 195
26 27
26 28
26 31
26 34
26 40
26 44
26 45
26 53
26 56
26 57
26 65
26 69
26 72
26 73
26 85
26 86
26 87
26 90
26 92
26 96
26 99
26 111
26 114
26 118
26 122
26 130
26 132
26 135
26 148
26 150
26 152
26 154
26 155
26 158
26 167
26 179
26 181
26 184
26 190
26 191
26 193
26 196
26 200
27 28
27 33
27 37
27 40
27 41
27 43
27 45
27 47
27 49
27 54
27 64
27 67
27 69
27 71
27 76
27 82
27 89
27 90
27 97
27 100
27 101
27 107
27 108
27 110
27 111
27 113
27 115
27 120
27 129
27 135
27 138
27 139
27 145
27 150
27 152
27 158
27 159
27 176
27 177
27 178
27 182
27 184
27 187
27 195
27 196
27 200
28 29
28 35
28 42
28 48
28 54
28 61
28 67
28 68
28 69
28 71
28 83
28 91
28 96
28 97
28 98
28 103
28 109
28 119
28 125
28 130
28 136
28 141
28 142
28 145
28 151
28 155
28 160
28 161
28 166
28 171
28 179
28 195
29 30
29 32
29 45
29 51
29 52
29 53
29 65
29 66
29 69
29 72
29 74
29 75
29 78
29 80
29 85
29 90
29 94
29 104
29 106
29 108
29 119
29 122
29 129
29 131
29 132
29 134
29 135
29 149
29 154
29 156
29 158
29 168
29 173
29 175
30 31
30 42
30 45
30 50
30 81
30 82
30 83
30 84
30 92
30 102
30 107
30 116
30 123
30 125
30 126
30 127
30 132
30 136
30 138
30 140
30 147
30 151
30 160
30 161
30 166
30 168
30 179
30 180
30 182
30 185
30 188
30 193
30 200
31 32
31 39
31 49
31 52
31 60
31 62
31 74
31 85
31 91
31 93
31 99
31 103
31 110
31 114
31 118
31 120
31 125
31 126
31 128
31 137
31 144
31 147
31 148
31 161
31 175
31 178
31 181
31 182
31 189
31 194
31 197
32 33
32 38
32 43
32 48
32 60
32 63
32 64
32 66
32 67
32 75
32 77
32 78
32 79
32 81
32 84
32 87
32 95
32 109
32 112
32 114
32 117
32 119
32 122
32 123
32 126
32 143
32 144
32 147
32 161
32 167
32 179
32 180
32 182
32 184
32 185
32 191
33 34
33 39
33 41
33 42
33 47
33 49
33 52
33 60
33 77
33 87
33 101
33 113
33 114
33 118
33 120
33 121
33 124
33 130
33 137
33 142
33 144
33 147
33 155
33 163
33 165
33 168
33 176
33 181
33 188
33 198
34 35
34 37
34 40
34 54
34 61
34 63
34 71
34 80
34 82
34 83
34 84
34 93
34 108
34 132
34 133
34 142
34 150
34 152
34 157
34 166
34 167
34 170
34 173
34 175
34 179
34 185
34 194
34 198
35 36
35 39
35 43
35 54
35 57
35 58
35 59
35 60
35 67
35 69
35 75
35 81
35 85
35 86
35 91
35 95
35 97
35 99
35 104
35 110
35 111
35 120
35 123
35 124
35 127
35 131
35 134
35 135
35 136
35 138
35 144
35 145
35 154
35 158
35 161
35 181
35 190
35 194
36 37
36 43
36 48
36 49
36 59
36 61
36 64
36 70
36 76
36 77
36 79
36 81
36 97
36 99
36 100
36 101
36 105
36 106
36 112
36 114
36 116
36 118
36 122
36 125
36 134
36 136
36 152
36 165
36 175
36 179
36 181
36 182
36 186
37 38
37 44
37 55
37 56
37 57
37 70
37 84
37 88
37 100
37 104
37 106
37 108
37 109
37 115
37 121
37 122
37 124
37 129
37 132
37 135
37 142
37 144
37 151
37 162
37 171
37 188
37 189
37 192
37 197
37 199
38 39
38 44
38 62
38 67
38 73
38 74
38 95
38 101
38 103
38 108
38 114
38 116
38 117
38 125
38 126
38 132
38 144
38 145
38 153
38 154
38 160
38 167
38 178
38 182
38 186
38 197
39 40
39 44
39 53
39 56
39 67
39 78
39 79
39 83
39 86
39 93
39 95
39 117
39 124
39 125
39 141
39 150
39 153
39 157
39 163
39 175
39 176
39 181
39 192
39 196
39 198
40 41
40 52
40 60
40 61
40 62
40 63
40 71
40 86
40 93
40 97
40 105
40 107
40 109
40 112
40 134
40 137
40 141
40 142
40 144
40 146
40 151
40 153
40 156
40 165
40 176
40 179
40 186
40 190
40 192
41 42
41 46
41 49
41 51
41 56
41 67
41 70
41 74
41 77
41 90
41 92
41 94
41 96
41 102
41 103
41 109
41 113
41 121
41 123
41 130
41 139
41 140
41 143
41 150
41 155
41 161
41 162
41 166
41 167
41 168
41 170
41 171
41 181
41 190
41 193
42 43
42 47
42 56
42 62
42 66
42 68
42 70
42 75
42 94
42 96
42 103
42 106
42 107
42 119
42 122
42 127
42 132
42 138
42 145
42 147
42 148
42 166
42 178
42 179
42 183
42 186
42 188
42 191
42 194
42 195
43 44
43 45
43 49
43 51
43 54
43 61
43 63
43 65
43 66
43 69
43 78
43 84
43 92
43 98
43 102
43 103
43 108
43 109
43 113
43 122
43 127
43 134
43 135
43 147
43 152
43 155
43 156
43 160
43 168
43 171
43 172
43 173
43 174
43 177
43 179
43 183
43 185
44 45
44 49
44 59
44 60
44 61
44 62
44 68
44 84
44 93
44 96
44 102
44 103
44 113
44 116
44 117
44 124
44 127
44 131
44 133
44 135
44 142
44 152
44 164
44 169
44 172
44 174
44 178
44 189
44 199
45 46
45 49
45 66
45 69
45 71
45 76
45 78
45 87
45 96
45 99
45 100
45 101
45 102
45 105
45 106
45 108
45 113
45 128
45 129
45 137
45 138
45 156
45 158
45 159
45 165
45 175
45 181
45 187
45 193
45 197
46 47
46 53
46 57
46 64
46 65
46 67
46 68
46 70
46 73
46 80
46 81
46 84
46 88
46 97
46 98
46 102
46 104
46 112
46 115
46 130
46 137
46 148
46 150
46 158
46 159
46 175
46 185
46 187
46 189
46 191
46 197
46 198
47 48
47 52
47 53
47 54
47 55
47 59
47 68
47 70
47 78
47 80
47 88
47 94
47 100
47 104
47 111
47 128
47 129
47 141
47 147
47 150
47 151
47 158
47 159
47 163
47 167
47 171
47 174
47 176
47 182
47 183
47 185
47 191
47 194
47 200
48 49
48 60
48 62
48 68
48 70
48 79
48 80
48 84
48 85
48 98
48 99
48 100
48 103
48 113
48 114
48 118
48 123
48 124
48 129
48 130
48 133
48 137
48 143
48 150
48 156
48 162
48 164
48 168
48 179
48 181
49 50
49 62
49 72
49 75
49 86
49 90
49 101
49 102
49 104
49 112
49 122
49 125
49 135
49 143
49 144
49 146
49 147
49 151
49 153
49 159
49 165
49 175
49 177
49 178
49 187
49 189
49 191
49 193
49 194
49 195
50 51
50 54
50 55
50 59
50 63
50 65
50 68
50 73
50 78
50 79
50 85
50 87
50 95
50 102
50 110
50 111
50 132
50 141
50 145
50 146
50 156
50 162
50 164
50 165
50 179
50 184
50 192
50 198
51 52
51 54
51 56
51 57
51 60
51 67
51 69
51 72
51 74
51 78
51 97
51 98
51 110
51 113
51 116
51 128
51 134
51 135
51 143
51 150
51 156
51 157
51 161
51 167
51 169
51 171
51 177
51 183
51 193
51 197
51 198
52 53
52 69
52 71
52 75
52 80
52 93
52 102
52 107
52 111
52 114
52 119
52 126
52 127
52 130
52 142
52 150
52 152
52 155
52 160
52 162
52 166
52 174
52 176
52 182
52 187
52 190
52 196
52 197
53 54
53 64
53 68
53 85
53 96
53 98
53 102
53 108
53 109
53 114
53 118
53 119
53 120
53 123
53 126
53 133
53 134
53 135
53 138
53 147
53 151
53 152
53 161
53 164
53 165
53 166
53 175
53 177
53 182
53 188
54 55
54 58
54 63
54 65
54 69
54 75
54 77
54 80
54 83
54 84
54 87
54 88
54 89
54 99
54 107
54 123
54 124
54 139
54 141
54 155
54 158
54 169
54 171
54 176
54 198
55 56
55 63
55 65
55 71
55 74
55 82
55 86
55 92
55 93
55 94
55 96
55 102
55 107
55 111
55 116
55 119
55 121
55 123
55 129
55 130
55 149
55 155
55 161
55 163
55 167
55 173
55 175
55 181
55 183
55 189
55 191
55 195
56 57
56 64
56 69
56 77
56 88
56 97
56 113
56 117
56 122
56 124
56 125
56 126
56 138
56 141
56 157
56 160
56 172
56 179
56 180
56 183
56 197
56 198
57 58
57 63
57 79
57 87
57 88
57 94
57 106
57 112
57 115
57 124
57 126
57 128
57 129
57 133
57 135
57 138
57 147
57 154
57 155
57 158
57 169
57 172
57 174
57 183
57 186
57 187
57 195
57 199
58 59
58 64
58 69
58 71
58 81
58 87
58 89
58 91
58 102
58 109
58 111
58 113
58 118
58 120
58 121
58 124
58 127
58 128
58 129
58 130
58 133
58 136
58 138
58 147
58 154
58 160
58 162
58 163
58 170
58 177
58 178
58 182
58 188
58 197
59 60
59 63
59 65
59 67
59 69
59 73
59 85
59 88
59 112
59 116
59 118
59 124
59 127
59 128
59 130
59 131
59 132
59 134
59 136
59 137
59 138
59 139
59 141
59 144
59 147
59 150
59 159
59 169
59 172
59 174
59 178
59 180
59 181
59 183
59 188
60 61
60 66
60 76
60 104
60 106
60 119
60 121
60 122
60 123
60 124
60 136
60 146
60 148
60 153
60 156
60 159
60 163
60 164
60 166
60 168
60 174
60 183
60 190
60 194
61 62
61 63
61 65
61 73
61 78
61 84
61 89
61 93
61 101
61 107
61 108
61 110
61 113
61 115
61 116
61 118
61 120
61 122
61 128
61 132
61 134
61 137
61 139
61 143
61 153
61 155
61 156
61 157
61 161
61 162
61 167
61 169
61 170
61 172
61 175
61 178
61 179
61 180
61 183
61 195
61 197
61 199
62 63
62 69
62 71
62 73
62 77
62 87
62 91
62 102
62 104
62 123
62 126
62 127
62 136
62 137
62 142
62 155
62 160
62 161
62 162
62 168
62 173
62 178
62 180
62 182
62 187
62 191
62 192
63 64
63 68
63 78
63 88
63 92
63 98
63 99
63 108
63 114
63 118
63 130
63 134
63 138
63 143
63 147
63 152
63 156
63 162
63 164
63 184
63 187
63 189
63 194
64 65
64 80
64 83
64 86
64 97
64 98
64 104
64 110
64 116
64 124
64 127
64 128
64 131
64 142
64 149
64 160
64 162
64 176
64 178
64 181
64 184
64 192
64 196
64 199
65 66
65 75
65 76
65 81
65 87
65 94
65 95
65 105
65 110
65 116
65 131
65 136
65 138
65 140
65 141
65 147
65 154
65 155
65 158
65 167
65 170
65 176
65 179
65 182
65 188
65 197
66 67
66 72
66 76
66 82
66 84
66 92
66 102
66 106
66 109
66 110
66 114
66 122
66 132
66 143
66 148
66 151
66 155
66 158
66 163
66 171
66 175
66 177
66 179
66 185
66 186
66 191
66 193
67 68
67 72
67 77
67 98
67 104
67 109
67 112
67 116
67 118
67 121
67 130
67 144
67 149
67 156
67 162
67 165
67 171
67 175
67 183
67 185
68 69
68 78
68 84
68 94
68 103
68 106
68 116
68 122
68 126
68 128
68 131
68 136
68 137
68 142
68 147
68 149
68 161
68 171
68 173
68 183
68 192
68 195
68 199
69 70
69 82
69 84
69 94
69 97
69 98
69 102
69 106
69 114
69 121
69 124
69 133
69 134
69 140
69 143
69 148
69 153
69 155
69 164
69 170
69 171
69 185
69 189
69 195
70 71
70 80
70 88
70 92
70 94
70 95
70 104
70 119
70 120
70 126
70 130
70 136
70 140
70 147
70 162
70 171
70 174
70 177
70 188
70 190
71 72
71 81
71 84
71 94
71 108
71 113
71 117
71 124
71 126
71 127
71 133
71 135
71 136
71 144
71 151
71 152
71 155
71 158
71 159
71 160
71 161
71 164
71 166
71 170
71 177
71 185
71 199
72 73
72 76
72 84
72 91
72 93
72 94
72 95
72 98
72 102
72 106
72 113
72 121
72 124
72 127
72 129
72 134
72 135
72 144
72 145
72 146
72 151
72 153
72 155
72 159
72 163
72 164
72 165
72 167
72 171
72 180
72 185
72 186
72 196
73 74
73 78
73 80
73 81
73 96
73 97
73 100
73 101
73 116
73 120
73 122
73 127
73 134
73 135
73 143
73 144
73 148
73 151
73 166
73 171
73 173
73 176
73 178
73 180
73 181
73 191
73 196
73 197
74 75
74 88
74 96
74 99
74 103
74 107
74 115
74 117
74 122
74 132
74 153
74 157
74 160
74 186
74 189
74 194
74 196
74 200
75 76
75 78
75 79
75 86
75 87
75 104
75 105
75 109
75 111
75 112
75 128
75 132
75 140
75 152
75 160
75 167
75 174
75 180
75 189
75 198
75 199
76 77
76 88
76 90
76 97
76 98
76 105
76 108
76 116
76 117
76 118
76 120
76 130
76 135
76 137
76 143
76 148
76 149
76 154
76 161
76 163
76 168
76 190
76 192
76 193
77 78
77 79
77 87
77 96
77 105
77 108
77 111
77 113
77 114
77 117
77 130
77 136
77 141
77 143
77 145
77 151
77 152
77 155
77 160
77 164
77 172
77 174
77 177
77 182
77 185
77 186
77 190
77 192
78 79
78 82
78 90
78 96
78 107
78 120
78 123
78 127
78 133
78 134
78 140
78 146
78 150
78 156
78 160
78 161
78 162
78 173
78 195
79 80
79 81
79 85
79 90
79 96
79 99
79 104
79 112
79 121
79 123
79 128
79 135
79 141
79 156
79 162
79 163
79 171
79 174
79 180
79 183
79 188
79 200
80 81
80 99
80 105
80 109
80 110
80 111
80 112
80 119
80 120
80 121
80 129
80 137
80 138
80 140
80 143
80 144
80 145
80 148
80 166
80 169
80 175
80 176
80 178
80 191
80 199
81 82
81 93
81 99
81 102
81 111
81 115
81 129
81 132
81 137
81 151
81 169
81 171
81 172
81 176
81 180
81 181
81 191
82 83
82 85
82 93
82 96
82 104
82 105
82 106
82 111
82 113
82 121
82 126
82 127
82 128
82 131
82 142
82 149
82 151
82 161
82 163
82 164
82 170
82 172
82 174
82 179
82 180
82 183
82 184
82 187
82 188
82 197
82 199
83 84
83 87
83 88
83 89
83 105
83 108
83 110
83 115
83 118
83 121
83 129
83 130
83 131
83 135
83 147
83 150
83 153
83 168
83 179
83 183
83 186
83 193
83 195
83 198
83 199
84 85
84 87
84 88
84 89
84 93
84 98
84 99
84 100
84 104
84 110
84 114
84 119
84 126
84 128
84 135
84 136
84 141
84 143
84 153
84 155
84 163
84 164
84 165
84 179
84 182
85 86
85 92
85 98
85 99
85 109
85 111
85 123
85 126
85 128
85 129
85 132
85 144
85 147
85 149
85 163
85 166
85 180
86 87
86 88
86 93
86 96
86 98
86 101
86 106
86 116
86 124
86 129
86 132
86 134
86 140
86 144
86 148
86 150
86 151
86 158
86 159
86 164
86 166
86 174
86 175
86 186
86 189
86 194
86 197
87 88
87 95
87 96
87 99
87 102
87 103
87 108
87 110
87 116
87 120
87 126
87 127
87 129
87 130
87 131
87 134
87 145
87 147
87 160
87 164
87 174
87 176
87 178
87 190
88 89
88 91
88 105
88 109
88 111
88 113
88 117
88 128
88 130
88 150
88 151
88 153
88 167
88 168
88 170
88 173
88 174
88 179
88 183
89 90
89 91
89 96
89 109
89 115
89 117
89 118
89 119
89 121
89 122
89 123
89 125
89 127
89 130
89 139
89 146
89 150
89 153
89 158
89 171
89 179
89 182
89 184
89 185
89 194
89 198
90 91
90 102
90 105
90 110
90 111
90 116
90 123
90 130
90 138
90 140
90 144
90 145
90 153
90 165
90 186
90 192
90 197
91 92
91 112
91 117
91 120
91 124
91 138
91 164
91 166
91 167
91 169
91 175
91 179
91 182
91 199
91 200
92 93
92 108
92 112
92 114
92 119
92 133
92 135
92 141
92 151
92 154
92 167
92 168
92 171
92 181
92 185
92 197
92 199
93 94
93 97
93 108
93 110
93 112
93 113
93 122
93 124
93 139
93 149
93 162
93 164
93 166
93 170
93 171
93 173
93 181
93 185
93 186
93 188
93 196
94 95
94 97
94 104
94 111
94 125
94 127
94 133
94 136
94 137
94 141
94 143
94 145
94 152
94 153
94 155
94 166
94 175
94 182
94 189
95 96
95 100
95 101
95 102
95 103
95 105
95 109
95 117
95 121
95 126
95 128
95 132
95 136
95 143
95 144
95 152
95 155
95 157
95 159
95 163
95 167
95 173
95 177
95 182
95 184
95 194
95 196
96 97
96 98
96 100
96 114
96 117
96 121
96 126
96 130
96 131
96 140
96 146
96 147
96 149
96 151
96 153
96 156
96 163
96 165
96 169
96 173
96 177
96 181
96 195
96 199
97 98
97 99
97 100
97 101
97 104
97 105
97 108
97 116
97 132
97 135
97 139
97 150
97 160
97 165
97 170
97 182
97 185
97 191
98 99
98 100
98 110
98 114
98 121
98 127
98 134
98 137
98 139
98 151
98 153
98 156
98 158
98 162
98 168
98 172
98 174
98 175
98 176
98 177
98 185
98 187
98 191
99 100
99 103
99 106
99 116
99 119
99 131
99 137
99 144
99 156
99 157
99 159
99 165
99 166
99 177
99 180
99 187
99 190
99 192
99 199
99 200
100 101
100 103
100 104
100 110
100 120
100 132
100 136
100 137
100 142
100 144
100 151
100 153
100 167
100 171
100 172
100 175
100 178
100 182
100 183
100 189
100 193
100 196
101 102
101 104
101 105
101 108
101 109
101 115
101 116
101 131
101 132
101 134
101 143
101 147
101 148
101 150
101 154
101 159
101 160
101 162
101 163
101 168
101 176
101 177
101 178
101 186
101 191
101 193
101 195
102 103
102 106
102 123
102 124
102 126
102 133
102 136
102 138
102 148
102 154
102 169
102 179
102 180
102 181
102 184
102 196
102 197
103 104
103 120
103 125
103 128
103 138
103 142
103 143
103 144
103 148
103 152
103 154
103 156
103 157
103 160
103 167
103 172
103 173
103 174
103 175
103 178
103 185
103 186
103 193
104 105
104 112
104 113
104 115
104 116
104 118
104 124
104 126
104 129
104 131
104 138
104 146
104 152
104 153
104 155
104 158
104 163
104 171
104 173
104 175
104 190
104 191
104 193
104 198
104 199
105 106
105 109
105 111
105 117
105 132
105 139
105 141
105 147
105 148
105 157
105 161
105 165
105 169
105 176
105 179
105 182
105 185
105 186
105 192
105 196
105 198
106 107
106 112
106 126
106 135
106 137
106 146
106 159
106 161
106 164
106 173
106 182
106 183
106 186
106 187
106 190
107 108
107 111
107 116
107 118
107 130
107 136
107 137
107 143
107 151
107 153
107 159
107 161
107 163
107 165
107 178
107 185
107 188
107 190
107 191
107 192
107 194
108 109
108 111
108 124
108 145
108 155
108 158
108 160
108 167
108 169
108 170
108 174
108 179
108 180
108 182
108 183
108 184
108 186
108 194
109 110
109 112
109 119
109 120
109 134
109 139
109 142
109 146
109 153
109 156
109 157
109 169
109 170
109 174
109 176
109 185
109 187
109 188
109 191
109 193
109 194
109 197
109 198
110 111
110 112
110 114
110 116
110 124
110 125
110 134
110 143
110 150
110 152
110 158
110 167
110 176
110 192
110 193
110 194
110 196
110 197
111 112
111 113
111 115
111 117
111 121
111 131
111 142
111 145
111 149
111 150
111 157
111 160
111 174
111 175
111 177
111 179
111 182
111 193
111 197
112 113
112 114
112 126
112 127
112 130
112 133
112 144
112 151
112 153
112 156
112 162
112 184
112 186
112 190
112 198
113 114
113 117
113 123
113 129
113 138
113 139
113 140
113 141
113 144
113 148
113 149
113 152
113 156
113 160
113 164
113 165
113 166
113 177
113 181
113 187
114 115
114 118
114 119
114 123
114 134
114 135
114 138
114 141
114 155
114 161
114 164
114 165
114 172
114 176
114 181
114 189
114 192
114 198
115 116
115 118
115 119
115 126
115 138
115 140
115 143
115 149
115 156
115 160
115 162
115 164
115 166
115 174
115 177
115 181
115 188
115 192
116 117
116 124
116 130
116 132
116 144
116 152
116 155
116 159
116 164
116 167
116 170
116 172
116 183
116 185
116 194
117 118
117 119
117 126
117 131
117 133
117 149
117 160
117 172
117 176
117 186
117 195
117 196
118 119
118 122
118 133
118 134
118 135
118 137
118 142
118 143
118 148
118 150
118 162
118 167
118 169
118 185
118 187
118 189
118 191
119 120
119 121
119 131
119 137
119 138
119 145
119 157
119 162
119 167
119 172
119 186
119 188
119 197
119 199
120 121
120 122
120 126
120 132
120 144
120 146
120 148
120 163
120 167
120 171
120 172
120 174
120 181
120 185
120 197
120 199
121 122
121 155
121 162
121 164
121 166
121 177
121 181
121 186
121 187
121 191
121 195
121 196
121 197
122 123
122 124
122 128
122 130
122 133
122 138
122 149
122 154
122 159
122 172
122 180
122 184
122 185
122 186
122 191
122 192
122 195
123 124
123 126
123 145
123 147
123 151
123 152
123 158
123 161
123 164
123 167
123 170
123 173
123 174
123 183
123 184
124 125
124 126
124 128
124 129
124 134
124 136
124 140
124 169
124 176
124 178
124 183
124 188
124 194
125 126
125 128
125 135
125 147
125 148
125 152
125 155
125 157
125 162
125 164
125 165
125 166
125 174
125 176
125 178
125 183
125 197
126 127
126 128
126 133
126 134
126 135
126 143
126 146
126 154
126 158
126 160
126 162
126 163
126 169
126 175
126 177
126 184
126 185
126 188
126 189
126 190
126 194
126 198
126 199
127 128
127 136
127 141
127 143
127 149
127 171
127 172
127 179
127 184
127 186
127 187
127 191
127 200
128 129
128 131
128 134
128 136
128 137
128 141
128 143
128 152
128 163
128 168
128 176
128 181
128 188
128 191
128 195
129 130
129 153
129 155
129 158
129 161
129 164
129 177
129 185
129 186
129 192
129 197
129 198
130 131
130 132
130 133
130 143
130 147
130 157
130 179
130 184
130 189
130 194
130 196
131 132
131 134
131 139
131 141
131 142
131 161
131 165
131 169
131 170
131 171
131 176
131 181
131 183
131 189
131 190
131 192
131 200
132 133
132 149
132 151
132 153
132 157
132 161
132 163
132 167
132 171
132 177
132 200
133 134
133 139
133 142
133 148
133 150
133 153
133 159
133 160
133 161
133 163
133 164
133 178
133 181
133 188
133 189
133 190
133 193
133 195
133 198
133 200
134 135
134 140
134 153
134 154
134 164
134 167
134 175
134 179
134 197
134 199
135 136
135 138
135 141
135 147
135 152
135 154
135 157
135 167
135 169
135 171
135 173
135 182
135 185
135 186
135 195
135 197
136 137
136 145
136 146
136 148
136 150
136 156
136 173
136 180
136 184
136 187
136 189
136 197
136 199
137 138
137 139
137 147
137 152
137 159
137 167
137 171
137 176
137 179
137 181
137 184
137 185
137 187
137 189
137 190
137 191
137 196
137 200
138 139
138 147
138 148
138 163
138 168
138 171
138 172
138 175
138 197
139 140
139 143
139 159
139 162
139 165
139 169
139 170
139 173
139 179
139 182
139 189
139 191
139 194
139 197
140 141
140 144
140 149
140 152
140 153
140 154
140 169
140 175
140 178
140 180
140 195
140 198
141 142
141 153
141 164
141 169
141 171
141 178
141 179
141 181
141 193
141 194
142 143
142 153
142 162
142 164
142 167
142 170
142 171
142 172
142 178
142 195
142 200
143 144
143 147
143 149
143 159
143 164
143 168
143 172
143 173
143 174
143 176
143 183
143 190
143 197
143 200
144 145
144 148
144 163
144 173
144 178
144 192
144 194
144 200
145 146
145 152
145 154
145 156
145 192
145 198
146 147
146 148
146 152
146 164
146 166
146 170
146 173
146 175
146 178
146 179
146 186
146 192
147 148
147 149
147 156
147 157
147 161
147 167
147 169
147 171
147 178
147 182
147 183
147 199
148 149
148 161
148 172
148 187
148 191
148 194
148 198
149 150
149 153
149 174
149 184
149 191
149 198
149 199
150 151
150 164
150 167
150 168
150 170
150 179
150 184
150 188
150 191
150 193
150 198
151 152
151 157
151 158
151 161
151 164
151 166
151 167
151 170
151 182
151 185
151 188
151 198
152 153
152 159
152 160
152 162
152 164
152 165
152 166
152 171
152 176
152 179
152 181
152 197
153 154
153 161
153 179
153 186
153 193
153 197
154 155
154 156
154 162
154 170
154 182
154 183
154 193
154 195
154 196
155 156
155 159
155 163
155 168
155 173
155 176
155 181
155 186
155 187
156 157
156 175
156 176
156 177
156 181
156 183
156 189
156 191
156 196
156 199
157 158
157 162
157 169
157 174
157 175
157 178
157 183
157 197
158 159
158 162
158 163
158 170
158 185
158 195
158 197
159 160
159 168
159 173
159 175
159 177
159 179
159 180
159 182
159 197
159 198
159 199
159 200
160 161
160 163
160 164
160 176
160 178
160 182
160 184
160 197
160 199
161 162
161 167
161 175
161 191
161 193
162 163
162 172
162 177
162 179
162 184
162 188
162 194
162 195
162 198
162 199
163 164
163 167
163 168
163 169
163 171
163 172
163 173
163 180
163 198
164 165
164 167
164 168
164 174
164 175
164 186
164 199
165 166
165 168
165 173
165 180
166 167
166 172
166 173
166 179
166 188
166 199
167 168
167 180
167 182
167 195
167 197
167 200
168 169
168 170
168 174
168 175
168 176
168 181
168 185
168 191
168 193
168 194
168 196
169 170
169 174
169 177
169 179
169 180
169 193
170 171
170 185
170 192
170 197
170 198
171 172
171 184
171 186
171 190
171 195
171 196
172 173
172 177
172 178
172 179
172 180
172 192
172 197
172 198
172 199
172 200
173 174
173 184
173 195
174 175
174 182
174 185
174 186
174 195
174 197
175 176
175 177
175 179
175 185
176 177
176 178
176 186
176 191
176 192
176 194
176 196
177 178
177 180
177 182
177 184
177 187
177 191
177 193
177 200
178 179
178 180
178 197
179 180
179 190
179 193
179 199
179 200
180 181
180 194
180 198
181 182
181 189
181 190
181 191
181 194
181 198
181 199
182 183
182 197
183 184
183 188
183 195
183 196
184 185
184 188
184 190
184 193
185 186
185 187
185 192
185 193
185 196
185 197
186 187
186 191
186 192
186 194
187 188
187 195
188 189
188 197
189 190
190 191
190 194
190 198
191 192
192 193
193 194
193 195
193 198
194 195
194 197
194 199
195 196
195 197
196 197
197 198
198 199
199 200
