70 725
1 2
1 21
1 24
1 37
1 42
1 44
1 46
1 62
1 66
1 68
2 3
2 6
2 10
2 14
2 18
2 21
2 22
2 26
2 29
2 30
2 36
2 37
2 39
2 41
2 45
2 52
2 53
2 57
2 58
2 61
2 64
3 4
3 6
3 7
3 8
3 14
3 15
3 17
3 28
3 31
3 33
3 35
3 38
3 44
3 49
3 53
3 54
3 56
3 58
3 61
3 64
3 65
4 5
4 6
4 7
4 8
4 9
4 10
4 13
4 17
4 19
4 20
4 25
4 28
4 34
4 39
4 45
4 52
4 54
4 56
4 57
4 60
4 69
4 70
5 6
5 8
5 15
5 17
5 28
5 33
5 34
5 38
5 41
5 44
5 45
5 46
5 47
5 49
5 62
5 64
5 67
5 70
6 7
6 10
6 11
6 12
6 13
6 20
6 26
6 29
6 34
6 39
6 48
6 54
6 62
7 8
7 11
7 12
7 17
7 22
7 24
7 28
7 29
7 31
7 39
7 53
7 57
7 59
7 60
7 62
7 64
7 67
7 69
8 9
8 11
8 13
8 14
8 17
8 21
8 24
8 26
8 32
8 35
8 44
8 46
8 47
8 49
8 51
8 54
8 58
8 60
8 61
8 62
8 65
9 10
9 13
9 15
9 19
9 21
9 24
9 25
9 28
9 36
9 38
9 39
9 50
9 54
9 58
9 63
9 70
10 11
10 12
10 14
10 16
10 18
10 23
10 28
10 32
10 33
10 34
10 37
10 43
10 45
10 46
10 47
10 48
10 52
10 58
11 12
11 13
11 17
11 21
11 26
11 29
11 31
11 35
11 37
11 40
11 43
11 44
11 52
11 56
11 61
11 64
11 65
11 66
11 69
12 13
12 21
12 23
12 26
12 28
12 29
12 41
12 45
12 57
12 58
12 59
12 61
12 65
13 14
13 15
13 21
13 23
13 24
13 26
13 35
13 37
13 40
13 47
13 49
13 52
13 54
13 58
13 59
14 15
14 16
14 17
14 22
14 24
14 26
14 30
14 32
14 33
14 35
14 37
14 40
14 41
14 45
14 46
14 49
14 53
14 54
14 64
14 65
15 16
15 18
15 19
15 20
15 28
15 44
15 46
15 47
15 49
15 51
15 56
15 59
15 63
15 65
16 17
16 19
16 23
16 27
16 30
16 31
16 32
16 38
16 42
16 48
16 50
16 53
16 54
16 57
16 62
16 64
16 65
16 68
17 18
17 19
17 23
17 25
17 32
17 33
17 34
17 37
17 39
17 44
17 49
17 51
17 55
17 61
17 64
17 66
17 69
18 19
18 20
18 22
18 23
18 27
18 28
18 29
18 37
18 40
18 46
18 47
18 53
18 54
18 61
18 62
19 20
19 23
19 24
19 28
19 31
19 32
19 37
19 40
19 45
19 55
19 56
19 63
19 66
20 21
20 22
20 24
20 25
20 27
20 31
20 33
20 37
20 39
20 40
20 42
20 50
20 54
20 58
20 62
20 65
20 66
20 69
21 22
21 27
21 32
21 35
21 40
21 44
21 51
21 53
21 57
21 60
22 23
22 25
22 29
22 30
22 31
22 33
22 34
22 35
22 36
22 43
22 44
22 49
22 50
22 56
22 57
22 60
22 63
22 68
23 24
23 25
23 29
23 32
23 34
23 35
23 41
23 43
23 47
23 54
23 55
23 56
23 59
23 67
24 25
24 28
24 43
24 44
24 48
24 51
24 52
24 53
24 56
24 62
24 67
25 26
25 28
25 33
25 38
25 43
25 48
25 52
25 53
25 54
25 59
25 60
25 61
25 64
25 65
25 69
26 27
26 28
26 30
26 31
26 35
26 38
26 39
26 40
26 41
26 44
26 45
26 46
26 48
26 50
26 52
26 57
26 61
26 67
26 68
26 70
27 28
27 29
27 42
27 45
27 59
27 64
28 29
28 31
28 35
28 37
28 42
28 46
28 49
28 50
28 53
28 54
28 59
28 60
28 62
28 64
28 67
28 69
29 30
29 39
29 42
29 43
29 44
29 46
29 51
29 57
29 58
29 66
29 69
30 31
30 32
30 43
30 44
30 46
30 49
30 50
30 54
30 55
30 58
30 60
30 68
31 32
31 36
31 37
31 39
31 42
31 43
31 46
31 47
31 48
31 51
31 54
31 56
31 57
31 60
31 62
31 63
31 66
31 68
32 33
32 35
32 40
32 45
32 46
32 48
32 52
32 53
32 59
32 61
32 64
32 66
33 34
33 36
33 37
33 40
33 43
33 48
33 49
33 52
33 53
33 58
33 60
33 61
34 35
34 40
34 44
34 48
34 54
34 55
34 57
34 64
34 65
34 66
34 69
35 36
35 40
35 42
35 46
35 49
35 51
35 52
35 53
35 54
35 62
35 64
35 65
35 68
35 69
36 37
36 40
36 47
36 56
36 65
36 66
36 67
37 38
37 42
37 43
37 44
37 47
37 49
37 52
37 53
37 54
37 55
37 58
37 60
37 61
37 62
37 70
38 39
38 40
38 44
38 49
38 53
38 59
38 62
38 65
39 40
39 43
39 44
39 46
39 47
39 48
39 49
39 51
39 53
39 54
39 58
39 60
39 64
39 65
40 41
40 42
40 44
40 52
40 54
40 70
41 42
41 43
41 46
41 49
41 50
41 59
41 61
41 62
41 63
41 68
42 43
42 45
42 48
42 49
42 52
42 54
42 55
42 58
42 63
43 44
43 45
43 47
43 49
43 50
43 53
43 56
43 66
44 45
44 47
44 48
44 56
44 59
44 62
44 64
44 65
44 66
44 70
45 46
45 52
45 55
45 57
45 64
45 69
45 70
46 47
46 59
46 70
47 48
47 54
47 58
47 59
47 65
47 70
48 49
48 50
48 51
48 52
48 56
48 58
48 60
48 66
48 68
49 50
49 53
49 56
49 57
49 58
49 59
49 61
49 62
49 64
49 66
49 69
50 51
50 52
50 55
50 57
50 59
50 65
50 67
51 52
51 59
51 61
51 63
51 64
51 66
51 67
51 68
52 53
52 56
52 57
52 68
53 54
53 62
53 64
53 67
54 55
54 56
54 58
54 70
55 56
55 59
55 62
56 57
56 59
56 60
56 64
57 58
57 66
58 59
58 66
58 67
58 69
59 60
59 67
59 68
60 61
60 63
60 68
61 62
61 65
62 63
63 64
63 65
64 65
64 68
64 69
65 66
65 67
66 67
66 69
67 68
68 69
68 70
69 70
