100 1485
1 2
1 7
1 24
1 43
1 58
1 68
1 73
1 78
1 79
1 81
1 87
1 88
1 92
1 93
1 97
1 98
2 3
2 5
2 12
2 17
2 18
2 19
2 25
2 26
2 27
2 32
2 35
2 39
2 43
2 46
2 47
2 48
2 52
2 63
2 64
2 66
2 74
2 76
2 79
2 90
2 94
2 95
2 97
2 98
3 4
3 5
3 8
3 13
3 15
3 18
3 32
3 33
3 34
3 38
3 48
3 54
3 56
3 60
3 61
3 68
3 71
3 81
3 82
3 83
3 86
3 87
3 89
3 91
3 92
3 93
4 5
4 9
4 11
4 12
4 13
4 15
4 16
4 17
4 20
4 22
4 23
4 24
4 28
4 30
4 31
4 37
4 38
4 42
4 47
4 52
4 55
4 58
4 62
4 63
4 66
4 68
4 70
4 72
4 79
4 80
4 83
4 90
4 91
4 94
4 95
4 99
5 6
5 7
5 9
5 10
5 11
5 13
5 25
5 26
5 28
5 29
5 31
5 32
5 34
5 37
5 42
5 44
5 45
5 49
5 63
5 69
5 73
5 75
5 77
5 84
5 93
5 94
5 95
6 7
6 9
6 10
6 12
6 15
6 20
6 22
6 26
6 27
6 29
6 31
6 32
6 33
6 42
6 46
6 47
6 50
6 52
6 63
6 66
6 74
6 79
6 81
6 83
6 84
6 91
6 94
6 95
6 96
6 97
6 99
7 8
7 12
7 15
7 16
7 18
7 21
7 23
7 25
7 30
7 36
7 37
7 38
7 39
7 42
7 45
7 46
7 58
7 59
7 60
7 62
7 66
7 72
7 76
7 81
7 84
7 89
8 9
8 15
8 25
8 26
8 27
8 35
8 37
8 39
8 47
8 50
8 52
8 56
8 57
8 60
8 62
8 64
8 65
8 80
8 81
8 89
8 94
9 10
9 15
9 17
9 19
9 22
9 25
9 33
9 34
9 36
9 38
9 43
9 46
9 55
9 57
9 58
9 67
9 68
9 69
9 71
9 72
9 73
9 78
9 82
9 83
9 86
9 89
9 95
9 96
9 97
9 98
10 11
10 16
10 17
10 19
10 25
10 31
10 33
10 35
10 37
10 41
10 44
10 47
10 49
10 50
10 53
10 60
10 62
10 63
10 65
10 70
10 74
10 81
10 83
10 91
10 92
10 94
10 95
10 96
10 97
11 12
11 13
11 15
11 17
11 21
11 27
11 29
11 30
11 36
11 37
11 40
11 41
11 46
11 54
11 55
11 58
11 63
11 65
11 67
11 69
11 71
11 77
11 82
11 85
11 92
12 13
12 17
12 18
12 21
12 26
12 28
12 34
12 39
12 40
12 44
12 49
12 50
12 52
12 55
12 56
12 59
12 63
12 64
12 65
12 71
12 78
12 79
12 83
12 89
12 91
12 92
12 95
12 97
12 98
12 99
13 14
13 15
13 18
13 19
13 23
13 26
13 29
13 31
13 32
13 33
13 41
13 43
13 47
13 53
13 55
13 63
13 65
13 67
13 74
13 81
13 82
13 87
13 88
13 89
13 90
13 91
13 93
13 94
14 15
14 19
14 27
14 33
14 35
14 36
14 45
14 46
14 50
14 54
14 56
14 57
14 61
14 65
14 66
14 71
14 72
14 83
14 84
14 92
14 95
14 98
14 100
15 16
15 17
15 18
15 23
15 25
15 29
15 31
15 35
15 40
15 42
15 43
15 46
15 49
15 54
15 55
15 60
15 63
15 65
15 67
15 71
15 74
15 79
15 84
15 87
15 88
15 90
15 95
15 99
16 17
16 19
16 26
16 30
16 36
16 50
16 51
16 58
16 60
16 61
16 62
16 64
16 65
16 72
16 77
16 81
16 86
16 87
16 90
16 99
16 100
17 18
17 24
17 26
17 31
17 32
17 33
17 35
17 37
17 39
17 41
17 45
17 52
17 53
17 59
17 68
17 69
17 72
17 75
17 76
17 77
17 91
17 94
17 95
17 96
17 97
17 98
17 99
18 19
18 28
18 32
18 33
18 34
18 36
18 38
18 39
18 40
18 43
18 47
18 51
18 54
18 56
18 68
18 69
18 77
18 84
18 85
18 86
18 97
18 99
19 20
19 22
19 23
19 33
19 38
19 44
19 45
19 52
19 54
19 56
19 57
19 59
19 60
19 67
19 71
19 72
19 75
19 80
19 84
19 86
19 87
19 91
19 92
19 94
20 21
20 22
20 23
20 44
20 47
20 59
20 62
20 63
20 68
20 75
20 78
20 87
20 90
20 97
21 22
21 23
21 25
21 28
21 30
21 40
21 45
21 46
21 55
21 57
21 63
21 64
21 65
21 69
21 74
21 75
21 77
21 78
21 83
21 87
21 88
21 89
21 92
21 95
21 98
22 23
22 26
22 29
22 33
22 35
22 37
22 38
22 40
22 44
22 45
22 46
22 50
22 53
22 55
22 57
22 59
22 61
22 64
22 65
22 69
22 73
22 80
22 82
22 85
22 96
22 98
22 99
23 24
23 26
23 27
23 36
23 41
23 48
23 49
23 51
23 52
23 55
23 61
23 62
23 66
23 70
23 71
23 76
23 80
23 85
23 90
23 98
24 25
24 26
24 28
24 36
24 37
24 40
24 42
24 43
24 44
24 50
24 51
24 52
24 55
24 59
24 61
24 63
24 66
24 75
24 82
24 89
24 94
24 95
24 96
25 26
25 29
25 52
25 55
25 61
25 65
25 66
25 73
25 74
25 76
25 87
25 95
26 27
26 28
26 31
26 33
26 47
26 52
26 61
26 64
26 65
26 73
26 79
26 85
26 88
26 93
26 94
26 97
26 99
26 100
27 28
27 32
27 34
27 35
27 36
27 37
27 50
27 51
27 54
27 62
27 66
27 69
27 72
27 75
27 76
27 77
27 80
27 82
27 85
27 100
28 29
28 30
28 38
28 40
28 46
28 48
28 57
28 58
28 59
28 61
28 66
28 74
28 79
28 80
28 83
28 87
28 92
28 95
28 97
28 99
29 30
29 33
29 37
29 38
29 39
29 42
29 52
29 55
29 58
29 60
29 62
29 63
29 77
29 80
29 81
29 82
29 83
29 84
29 89
29 92
29 99
30 31
30 40
30 41
30 44
30 48
30 56
30 57
30 58
30 61
30 62
30 63
30 68
30 72
30 74
30 79
30 82
30 84
30 93
30 95
30 96
30 98
31 32
31 33
31 34
31 35
31 40
31 41
31 42
31 43
31 46
31 47
31 48
31 51
31 52
31 58
31 60
31 62
31 63
31 64
31 65
31 66
31 69
31 71
31 78
31 84
31 86
31 89
31 95
31 97
31 98
31 99
32 33
32 34
32 36
32 41
32 42
32 45
32 47
32 54
32 57
32 59
32 63
32 74
32 75
32 85
32 90
32 95
32 98
32 99
33 34
33 36
33 40
33 46
33 52
33 53
33 60
33 62
33 63
33 65
33 67
33 72
33 74
33 83
33 86
33 87
33 95
33 99
34 35
34 41
34 42
34 45
34 46
34 51
34 54
34 57
34 59
34 60
34 63
34 69
34 71
34 72
34 73
34 74
34 76
34 77
34 79
34 81
34 87
34 88
34 97
34 98
34 99
35 36
35 40
35 41
35 42
35 49
35 52
35 53
35 55
35 56
35 58
35 59
35 60
35 68
35 71
35 73
35 75
35 77
35 79
35 87
35 93
35 96
35 99
36 37
36 39
36 42
36 48
36 51
36 52
36 57
36 58
36 65
36 79
36 89
36 91
36 94
36 97
36 100
37 38
37 41
37 49
37 50
37 52
37 54
37 56
37 63
37 65
37 69
37 73
37 80
37 85
37 86
37 87
37 89
37 93
37 94
37 95
38 39
38 40
38 42
38 45
38 54
38 82
38 89
38 92
38 94
39 40
39 41
39 48
39 59
39 61
39 69
39 71
39 72
39 78
39 80
39 82
39 84
39 87
39 88
39 89
39 93
39 99
39 100
40 41
40 47
40 49
40 50
40 54
40 56
40 58
40 59
40 63
40 65
40 68
40 71
40 81
40 85
40 92
40 93
40 94
40 97
40 98
41 42
41 46
41 51
41 60
41 61
41 63
41 65
41 67
41 68
41 73
41 74
41 78
41 85
41 88
41 89
41 94
41 97
42 43
42 44
42 45
42 46
42 49
42 54
42 55
42 60
42 66
42 70
42 75
42 87
42 89
42 92
42 93
42 100
43 44
43 46
43 47
43 53
43 54
43 58
43 65
43 67
43 69
43 73
43 74
43 77
43 80
43 81
43 86
43 92
43 96
43 97
43 99
44 45
44 48
44 57
44 69
44 70
44 75
44 82
44 83
44 89
44 91
44 93
44 94
45 46
45 53
45 56
45 58
45 59
45 63
45 64
45 65
45 66
45 70
45 75
45 76
45 81
45 84
45 85
45 89
45 91
45 92
46 47
46 48
46 49
46 53
46 54
46 56
46 57
46 58
46 59
46 64
46 68
46 70
46 73
46 74
46 75
46 76
46 82
46 87
46 90
46 97
47 48
47 49
47 55
47 58
47 61
47 64
47 72
47 75
47 84
47 85
47 87
47 91
47 92
47 93
47 96
47 97
47 99
48 49
48 51
48 56
48 60
48 61
48 68
48 75
48 76
48 78
48 83
48 86
48 90
48 91
48 94
48 95
49 50
49 55
49 56
49 58
49 59
49 73
49 74
49 77
49 82
49 83
49 85
49 86
49 96
50 51
50 57
50 58
50 59
50 62
50 64
50 65
50 70
50 73
50 75
50 76
50 80
50 96
50 98
50 99
51 52
51 55
51 61
51 67
51 68
51 71
51 74
51 75
51 78
51 80
51 81
51 83
51 86
51 88
51 89
51 93
51 96
51 98
52 53
52 54
52 56
52 57
52 58
52 70
52 72
52 73
52 74
52 76
52 77
52 85
52 88
52 98
53 54
53 55
53 62
53 65
53 68
53 71
53 72
53 77
53 79
53 96
53 97
53 98
54 55
54 59
54 60
54 68
54 76
54 80
54 82
54 83
54 86
54 88
55 56
55 57
55 58
55 61
55 64
55 65
55 66
55 70
55 72
55 77
55 80
55 84
55 85
55 86
55 88
55 95
55 99
56 57
56 61
56 62
56 68
56 69
56 70
56 71
56 72
56 73
56 78
56 79
56 81
56 84
56 91
56 95
56 97
57 58
57 61
57 66
57 75
57 76
57 84
57 86
57 89
57 90
57 93
57 94
57 97
58 59
58 60
58 67
58 70
58 73
58 75
58 77
58 82
58 83
59 60
59 63
59 68
59 75
59 79
59 80
59 83
59 86
59 93
59 100
60 61
60 63
60 67
60 69
60 72
60 74
60 76
60 78
60 79
60 83
60 84
60 86
60 91
60 92
60 93
60 95
61 62
61 73
61 79
61 80
61 81
61 82
61 84
61 86
61 93
61 95
61 97
61 99
62 63
62 67
62 74
62 75
62 76
62 78
62 80
62 82
62 83
62 86
62 88
62 89
62 91
62 93
62 96
62 98
63 64
63 66
63 67
63 68
63 80
63 83
63 92
63 93
63 94
63 99
63 100
64 65
64 73
64 79
64 81
64 87
64 88
64 90
64 92
64 98
64 100
65 66
65 73
65 74
65 77
65 78
65 83
65 84
65 85
65 93
65 94
65 96
65 100
66 67
66 69
66 71
66 74
66 75
66 84
66 85
66 90
66 93
66 94
66 96
66 98
66 100
67 68
67 73
67 74
67 77
67 78
67 81
67 85
67 86
67 89
67 91
67 95
67 99
68 69
68 70
68 72
68 74
68 76
68 80
68 81
68 87
68 88
68 91
68 94
68 95
68 98
69 70
69 74
69 76
69 79
69 81
69 97
69 99
69 100
70 71
70 75
70 77
70 78
70 81
70 83
70 87
70 93
70 95
70 98
71 72
71 73
71 78
71 86
71 88
71 91
71 92
71 95
71 97
71 98
72 73
72 76
72 78
72 83
72 86
72 90
72 92
72 94
72 95
72 99
73 74
73 79
73 80
73 89
73 95
73 97
73 100
74 75
74 78
74 79
74 81
74 83
74 84
74 87
74 88
74 89
74 90
75 76
75 79
75 82
75 85
75 87
75 89
75 92
75 94
75 95
75 96
75 97
76 77
76 78
76 79
76 80
76 81
76 85
76 87
76 89
76 92
76 93
76 98
77 78
77 85
77 86
77 89
77 94
77 95
77 97
77 98
77 99
78 79
78 87
78 90
78 92
78 99
79 80
79 83
79 89
79 91
79 97
80 81
80 83
80 84
80 85
80 86
80 88
80 93
80 98
80 100
81 82
81 83
81 84
81 86
81 89
81 90
81 91
81 93
81 95
81 98
81 100
82 83
82 84
82 94
82 96
82 100
83 84
83 88
83 91
83 95
83 96
83 98
83 99
84 85
84 91
84 97
84 98
84 99
85 86
85 88
85 89
85 91
85 93
86 87
86 88
86 91
86 92
86 93
86 97
86 100
87 88
87 89
87 93
87 94
87 95
87 96
87 100
88 89
88 92
88 95
89 90
89 91
89 94
90 91
91 92
91 94
91 95
91 98
92 93
92 96
92 97
93 94
93 95
93 96
93 97
93 98
94 95
94 98
95 96
96 97
97 98
98 99
99 100
