120 2142
1 2
1 8
1 9
1 18
1 32
1 36
1 45
1 51
1 57
1 62
1 65
1 68
1 69
1 70
1 105
1 107
1 109
2 3
2 4
2 6
2 13
2 20
2 28
2 29
2 31
2 34
2 37
2 38
2 39
2 44
2 47
2 50
2 53
2 64
2 65
2 68
2 70
2 76
2 79
2 82
2 85
2 90
2 108
2 109
2 118
3 4
3 5
3 7
3 8
3 15
3 20
3 21
3 24
3 28
3 34
3 36
3 39
3 40
3 42
3 43
3 44
3 46
3 48
3 49
3 51
3 55
3 57
3 58
3 59
3 60
3 61
3 73
3 75
3 80
3 82
3 86
3 88
3 92
3 95
3 99
3 104
3 114
3 118
3 119
3 120
4 5
4 6
4 8
4 24
4 32
4 33
4 34
4 38
4 41
4 44
4 45
4 46
4 50
4 52
4 54
4 55
4 61
4 65
4 66
4 68
4 70
4 76
4 78
4 80
4 84
4 87
4 90
4 92
4 93
4 94
4 97
4 101
4 107
4 108
4 113
4 116
4 117
5 6
5 16
5 20
5 23
5 24
5 26
5 40
5 41
5 44
5 48
5 53
5 56
5 63
5 65
5 67
5 68
5 70
5 72
5 76
5 80
5 88
5 97
5 99
5 101
5 102
5 106
5 115
5 119
5 120
6 7
6 8
6 10
6 11
6 13
6 15
6 18
6 22
6 26
6 28
6 31
6 32
6 38
6 42
6 52
6 53
6 59
6 60
6 63
6 67
6 68
6 73
6 76
6 79
6 80
6 82
6 83
6 84
6 85
6 89
6 91
6 98
6 99
6 104
6 107
6 110
6 111
6 114
6 117
6 118
6 119
7 8
7 9
7 11
7 12
7 13
7 14
7 17
7 22
7 34
7 37
7 39
7 41
7 42
7 50
7 52
7 53
7 55
7 60
7 64
7 68
7 73
7 74
7 79
7 80
7 82
7 83
7 84
7 85
7 87
7 88
7 89
7 90
7 94
7 97
7 102
7 103
7 104
7 112
7 116
7 118
7 119
8 9
8 11
8 12
8 13
8 26
8 28
8 32
8 35
8 37
8 41
8 47
8 48
8 62
8 63
8 67
8 68
8 71
8 72
8 76
8 77
8 80
8 81
8 92
8 93
8 94
8 101
8 103
8 104
8 108
8 110
9 10
9 12
9 20
9 23
9 25
9 34
9 36
9 48
9 50
9 54
9 55
9 59
9 61
9 74
9 78
9 87
9 91
9 95
9 97
9 99
9 105
9 118
10 11
10 19
10 22
10 32
10 37
10 41
10 43
10 45
10 50
10 53
10 58
10 68
10 71
10 73
10 86
10 87
10 91
10 92
10 94
10 96
10 100
10 110
10 112
11 12
11 24
11 26
11 27
11 28
11 30
11 32
11 35
11 37
11 40
11 41
11 48
11 49
11 50
11 51
11 54
11 60
11 62
11 67
11 69
11 71
11 76
11 77
11 79
11 83
11 87
11 88
11 90
11 91
11 92
11 93
11 96
11 97
11 98
11 103
11 104
11 105
11 112
11 113
11 116
11 117
11 119
12 13
12 14
12 15
12 22
12 25
12 30
12 37
12 39
12 43
12 44
12 45
12 48
12 49
12 50
12 54
12 55
12 62
12 63
12 66
12 73
12 75
12 79
12 84
12 86
12 88
12 90
12 93
12 96
12 97
12 102
12 110
12 113
12 119
13 14
13 23
13 24
13 25
13 26
13 29
13 34
13 36
13 38
13 46
13 48
13 49
13 50
13 54
13 60
13 62
13 64
13 65
13 71
13 74
13 82
13 88
13 89
13 94
13 96
13 98
13 102
13 109
13 110
13 111
13 114
13 115
13 118
14 15
14 17
14 24
14 25
14 27
14 30
14 31
14 33
14 35
14 36
14 37
14 40
14 41
14 48
14 53
14 56
14 62
14 65
14 68
14 69
14 70
14 76
14 77
14 79
14 82
14 89
14 93
14 106
14 115
14 116
14 118
15 16
15 22
15 25
15 28
15 31
15 32
15 37
15 39
15 42
15 45
15 46
15 47
15 49
15 55
15 56
15 60
15 69
15 70
15 72
15 76
15 77
15 85
15 90
15 92
15 93
15 95
15 100
15 102
15 103
15 105
15 106
15 110
15 112
15 114
15 117
15 118
16 17
16 19
16 20
16 22
16 28
16 30
16 44
16 47
16 49
16 53
16 57
16 58
16 60
16 63
16 67
16 74
16 77
16 81
16 83
16 89
16 91
16 92
16 97
16 100
16 102
16 103
16 106
16 108
16 112
16 113
16 116
16 117
17 18
17 19
17 20
17 26
17 27
17 28
17 29
17 40
17 42
17 48
17 49
17 50
17 51
17 55
17 58
17 61
17 67
17 71
17 74
17 76
17 77
17 83
17 84
17 88
17 89
17 90
17 91
17 96
17 97
17 100
17 102
17 105
17 107
17 108
17 110
17 113
17 114
17 115
17 117
17 118
18 19
18 20
18 22
18 24
18 28
18 31
18 35
18 37
18 38
18 45
18 48
18 52
18 55
18 60
18 61
18 65
18 69
18 71
18 75
18 81
18 88
18 89
18 90
18 91
18 92
18 94
18 95
18 96
18 100
18 105
18 107
18 108
18 114
18 117
19 20
19 27
19 31
19 34
19 35
19 37
19 39
19 47
19 49
19 51
19 52
19 56
19 66
19 67
19 69
19 72
19 78
19 85
19 93
19 94
19 95
20 21
20 23
20 25
20 31
20 39
20 43
20 46
20 59
20 60
20 61
20 62
20 65
20 66
20 67
20 89
20 97
20 100
20 107
20 108
20 110
20 111
20 113
21 22
21 24
21 25
21 27
21 31
21 38
21 39
21 41
21 42
21 44
21 48
21 57
21 75
21 76
21 79
21 91
21 92
21 95
21 105
21 106
21 107
21 110
21 115
21 116
21 117
21 118
22 23
22 24
22 26
22 27
22 39
22 45
22 46
22 51
22 53
22 56
22 62
22 64
22 66
22 67
22 71
22 72
22 73
22 74
22 77
22 78
22 81
22 84
22 91
22 95
22 105
22 106
22 109
22 115
23 24
23 28
23 34
23 35
23 42
23 45
23 47
23 51
23 56
23 59
23 62
23 64
23 69
23 71
23 72
23 73
23 79
23 92
23 93
23 100
23 101
23 102
23 111
23 119
23 120
24 25
24 29
24 30
24 31
24 36
24 37
24 39
24 40
24 45
24 46
24 51
24 59
24 61
24 63
24 64
24 67
24 70
24 72
24 74
24 77
24 79
24 80
24 81
24 87
24 88
24 91
24 94
24 97
24 99
24 100
24 102
24 108
24 109
24 110
24 112
24 116
24 117
24 119
25 26
25 27
25 35
25 36
25 38
25 42
25 51
25 54
25 55
25 58
25 59
25 60
25 67
25 75
25 82
25 85
25 86
25 87
25 88
25 90
25 93
25 98
25 106
25 110
25 112
25 113
25 116
25 119
26 27
26 29
26 34
26 36
26 41
26 45
26 46
26 59
26 63
26 66
26 67
26 68
26 72
26 74
26 75
26 77
26 78
26 84
26 86
26 87
26 88
26 92
26 93
26 96
26 103
26 105
26 107
26 110
26 115
26 118
27 28
27 29
27 30
27 33
27 45
27 47
27 57
27 60
27 62
27 64
27 72
27 78
27 89
27 95
27 96
27 99
27 100
27 101
27 110
27 114
27 118
28 29
28 30
28 40
28 43
28 44
28 45
28 53
28 57
28 59
28 64
28 65
28 68
28 71
28 72
28 85
28 87
28 90
28 93
28 95
28 96
28 103
28 105
28 108
28 112
28 116
28 117
28 118
29 30
29 31
29 32
29 34
29 44
29 46
29 47
29 58
29 59
29 65
29 66
29 67
29 69
29 72
29 77
29 78
29 80
29 89
29 97
29 99
29 102
29 103
29 104
29 105
29 108
29 113
29 114
29 115
30 31
30 32
30 37
30 38
30 40
30 42
30 45
30 48
30 50
30 52
30 53
30 56
30 58
30 61
30 66
30 67
30 71
30 72
30 74
30 79
30 80
30 81
30 83
30 89
30 90
30 91
30 93
30 96
30 100
30 104
30 109
30 113
30 115
30 118
31 32
31 34
31 36
31 37
31 38
31 39
31 42
31 43
31 44
31 47
31 50
31 54
31 56
31 61
31 68
31 71
31 72
31 81
31 82
31 94
31 98
31 99
31 105
31 107
31 108
31 113
32 33
32 42
32 50
32 51
32 57
32 60
32 66
32 69
32 72
32 74
32 75
32 77
32 89
32 92
32 102
32 106
32 110
32 111
32 113
32 118
33 34
33 37
33 39
33 41
33 42
33 43
33 44
33 45
33 50
33 51
33 52
33 55
33 60
33 63
33 64
33 68
33 70
33 73
33 75
33 80
33 81
33 84
33 86
33 92
33 93
33 94
33 97
33 98
33 100
33 102
33 107
33 109
33 113
34 35
34 36
34 38
34 43
34 45
34 47
34 56
34 67
34 71
34 78
34 79
34 93
34 94
34 97
34 101
34 112
34 115
34 116
34 117
34 118
35 36
35 39
35 40
35 41
35 43
35 44
35 46
35 50
35 58
35 63
35 74
35 83
35 92
35 96
35 102
35 103
35 104
35 107
35 109
35 110
35 112
35 113
35 115
36 37
36 45
36 46
36 49
36 53
36 55
36 59
36 61
36 62
36 68
36 72
36 73
36 82
36 83
36 85
36 87
36 88
36 89
36 90
36 91
36 92
36 94
36 95
36 98
36 99
36 100
36 107
36 110
36 112
36 116
36 118
36 119
36 120
37 38
37 40
37 42
37 46
37 47
37 49
37 53
37 55
37 57
37 58
37 69
37 75
37 82
37 90
37 92
37 94
37 97
37 99
37 100
37 102
37 103
37 105
37 111
37 117
38 39
38 44
38 48
38 51
38 60
38 61
38 66
38 70
38 72
38 75
38 76
38 81
38 84
38 87
38 88
38 90
38 92
38 95
38 98
38 101
38 107
38 110
38 113
38 115
38 118
39 40
39 42
39 43
39 45
39 48
39 52
39 56
39 66
39 75
39 76
39 78
39 82
39 83
39 90
39 92
39 94
39 96
39 103
39 104
39 107
39 108
39 114
39 116
39 118
40 41
40 45
40 51
40 55
40 62
40 63
40 64
40 65
40 68
40 73
40 80
40 83
40 87
40 92
40 93
40 94
40 96
40 100
40 101
40 103
40 107
40 109
40 111
40 119
41 42
41 47
41 48
41 52
41 61
41 64
41 67
41 68
41 72
41 73
41 74
41 80
41 87
41 89
41 94
41 101
41 102
41 111
41 113
41 116
41 118
42 43
42 45
42 48
42 50
42 52
42 54
42 59
42 60
42 62
42 63
42 69
42 71
42 75
42 76
42 79
42 81
42 84
42 85
42 86
42 87
42 100
42 104
42 109
43 44
43 45
43 50
43 51
43 55
43 56
43 58
43 69
43 72
43 76
43 77
43 78
43 83
43 89
43 91
43 93
43 94
43 95
43 100
43 103
43 110
43 115
43 118
43 120
44 45
44 49
44 51
44 57
44 58
44 59
44 62
44 67
44 71
44 74
44 76
44 82
44 83
44 84
44 86
44 88
44 92
44 93
44 94
44 97
44 98
44 99
44 102
44 106
44 107
44 111
44 113
44 116
44 118
45 46
45 47
45 48
45 54
45 61
45 71
45 76
45 79
45 82
45 85
45 86
45 96
45 97
45 99
45 105
45 109
45 112
45 114
45 115
46 47
46 50
46 51
46 62
46 64
46 66
46 70
46 72
46 73
46 76
46 79
46 80
46 81
46 82
46 85
46 88
46 90
46 91
46 92
46 96
46 103
46 105
46 107
46 109
46 116
46 117
46 119
47 48
47 51
47 54
47 62
47 66
47 68
47 72
47 74
47 75
47 77
47 79
47 88
47 89
47 92
47 93
47 98
47 99
47 112
47 113
47 117
47 118
48 49
48 50
48 51
48 54
48 55
48 56
48 57
48 61
48 64
48 70
48 73
48 77
48 81
48 83
48 87
48 88
48 92
48 95
48 96
48 99
48 114
48 116
49 50
49 51
49 68
49 71
49 72
49 75
49 76
49 79
49 81
49 84
49 87
49 96
49 104
49 107
49 108
49 115
50 51
50 57
50 60
50 64
50 67
50 69
50 72
50 77
50 80
50 81
50 83
50 88
50 89
50 90
50 92
50 96
50 97
50 106
50 107
50 109
50 116
50 119
51 52
51 53
51 59
51 61
51 62
51 65
51 68
51 70
51 75
51 76
51 79
51 84
51 86
51 88
51 90
51 91
51 95
51 101
51 102
51 104
51 108
51 111
51 113
51 114
51 118
52 53
52 62
52 65
52 68
52 73
52 77
52 80
52 81
52 82
52 83
52 84
52 85
52 87
52 89
52 90
52 95
52 98
52 105
52 110
52 113
52 118
53 54
53 56
53 57
53 61
53 68
53 71
53 79
53 82
53 85
53 87
53 88
53 93
53 99
53 108
53 109
53 110
53 113
53 115
53 117
53 118
53 119
54 55
54 58
54 59
54 62
54 64
54 65
54 67
54 70
54 79
54 87
54 89
54 94
54 97
54 100
54 101
54 103
54 105
54 107
54 109
54 116
55 56
55 60
55 65
55 72
55 78
55 80
55 82
55 87
55 90
55 91
55 101
55 103
55 104
55 108
55 112
55 113
55 114
55 115
55 116
56 57
56 58
56 61
56 62
56 64
56 67
56 81
56 82
56 89
56 92
56 93
56 99
56 100
56 104
56 105
56 106
56 108
56 114
56 118
57 58
57 61
57 62
57 64
57 71
57 72
57 75
57 78
57 79
57 82
57 91
57 95
57 98
57 100
57 102
57 105
57 109
57 117
58 59
58 65
58 67
58 69
58 70
58 89
58 92
58 95
58 96
58 97
58 98
58 101
58 102
58 103
58 104
58 109
58 113
58 115
58 117
58 119
59 60
59 63
59 72
59 73
59 88
59 92
59 97
59 98
59 101
59 109
59 111
59 113
59 118
59 120
60 61
60 65
60 68
60 72
60 73
60 86
60 92
60 93
60 104
60 105
60 106
60 110
60 111
60 117
61 62
61 64
61 71
61 77
61 80
61 86
61 97
61 98
61 101
61 105
61 107
61 110
61 114
61 116
61 120
62 63
62 69
62 71
62 74
62 75
62 81
62 83
62 84
62 94
62 99
62 101
62 105
62 111
62 113
62 114
62 115
62 119
63 64
63 65
63 73
63 75
63 76
63 82
63 83
63 84
63 89
63 92
63 93
63 97
63 100
63 104
63 111
63 113
63 115
63 116
63 117
63 118
64 65
64 67
64 73
64 77
64 80
64 87
64 88
64 89
64 92
64 94
64 95
64 97
64 99
64 101
64 104
64 107
64 108
64 112
64 114
64 116
64 117
65 66
65 69
65 71
65 77
65 78
65 81
65 82
65 83
65 87
65 89
65 90
65 92
65 95
65 107
65 110
65 111
65 112
65 113
65 117
66 67
66 68
66 72
66 73
66 77
66 86
66 89
66 91
66 95
66 102
66 103
66 111
66 112
66 116
67 68
67 73
67 79
67 80
67 82
67 83
67 93
67 94
67 95
67 96
67 97
67 99
67 103
67 113
67 116
68 69
68 70
68 72
68 73
68 84
68 86
68 87
68 96
68 102
68 105
68 108
68 109
68 111
68 112
68 113
68 117
69 70
69 72
69 73
69 80
69 83
69 85
69 87
69 95
69 97
69 98
69 99
69 103
69 104
69 106
69 108
69 111
69 120
70 71
70 73
70 74
70 90
70 91
70 94
70 96
70 100
70 104
70 109
70 110
71 72
71 73
71 77
71 79
71 86
71 88
71 90
71 92
71 93
71 94
71 103
71 104
71 108
71 110
71 112
71 118
71 119
72 73
72 77
72 78
72 79
72 81
72 89
72 92
72 93
72 95
72 106
72 111
72 112
72 114
72 116
73 74
73 75
73 80
73 81
73 82
73 85
73 86
73 91
73 94
73 98
73 101
73 106
73 111
74 75
74 77
74 78
74 82
74 84
74 90
74 99
74 100
74 101
74 103
74 105
74 106
74 107
74 109
74 110
74 113
74 114
74 118
75 76
75 77
75 78
75 79
75 89
75 91
75 94
75 100
75 101
75 113
75 114
75 115
75 119
76 77
76 80
76 87
76 88
76 89
76 92
76 95
76 107
76 112
76 115
76 118
76 120
77 78
77 79
77 83
77 86
77 89
77 90
77 95
77 104
77 108
77 109
77 110
77 112
77 115
77 118
77 119
77 120
78 79
78 84
78 92
78 96
78 97
78 100
78 101
78 102
78 107
78 117
79 80
79 82
79 87
79 93
79 96
79 98
79 99
79 109
79 115
79 116
80 81
80 87
80 91
80 92
80 94
80 96
80 97
80 98
80 99
80 104
80 105
80 112
80 113
80 116
81 82
81 85
81 86
81 89
81 91
81 93
81 99
81 100
81 108
81 111
81 112
81 114
82 83
82 88
82 91
82 93
82 95
82 102
82 105
82 106
82 108
82 109
82 114
82 119
83 84
83 89
83 95
83 98
83 99
83 100
83 104
83 105
83 106
83 108
83 109
83 117
84 85
84 94
84 97
84 102
84 103
84 105
84 118
84 120
85 86
85 87
85 93
85 96
85 97
85 100
85 107
85 110
85 117
85 118
86 87
86 89
86 90
86 92
86 93
86 97
86 98
86 104
86 105
86 106
86 110
86 111
86 116
86 120
87 88
87 94
87 101
87 105
87 106
87 109
87 111
87 112
87 117
87 118
87 119
88 89
88 91
88 100
88 101
88 102
88 103
88 104
88 107
88 109
88 110
88 115
88 116
88 119
89 90
89 92
89 107
89 110
89 116
89 119
90 91
90 94
90 100
90 106
90 109
90 111
90 115
90 119
90 120
91 92
91 93
91 94
91 97
91 105
91 109
91 113
91 115
91 118
92 93
92 97
92 102
92 113
92 115
92 116
92 118
93 94
93 98
93 100
93 104
93 111
93 112
93 117
93 118
93 119
94 95
94 98
94 101
94 103
94 104
94 108
94 110
94 117
95 96
95 97
95 98
95 100
95 103
95 106
95 109
95 110
95 112
95 116
96 97
96 100
96 106
96 109
96 111
96 115
96 117
97 98
97 103
97 104
97 107
97 111
97 113
98 99
98 107
98 109
98 111
98 115
99 100
99 105
99 108
99 109
99 111
99 112
99 114
99 116
99 117
100 101
100 102
100 104
100 108
100 109
100 114
100 119
101 102
101 103
101 109
101 111
101 115
102 103
102 104
102 119
103 104
103 106
103 108
103 110
103 114
103 116
103 119
103 120
104 105
104 111
104 117
104 119
105 106
105 107
105 108
105 109
105 113
105 116
105 117
105 119
105 120
106 107
106 108
106 109
106 111
106 112
106 115
106 119
107 108
107 112
107 113
107 114
107 115
107 117
108 109
108 117
109 110
109 113
109 117
109 119
109 120
110 111
110 112
110 115
110 117
111 112
111 117
112 113
112 114
112 116
113 114
113 115
113 119
114 115
114 117
114 118
115 116
115 118
115 119
116 117
116 119
117 118
118 119
119 120
