200 995
1 2
1 22
1 158
1 184
2 3
2 50
2 61
2 171
2 182
2 187
2 197
3 4
3 34
3 53
3 76
3 122
3 123
3 141
3 155
3 187
3 193
4 5
4 34
4 66
4 86
4 91
4 115
4 128
4 149
4 167
5 6
5 49
5 68
5 137
5 168
6 7
6 8
6 12
6 32
6 44
6 49
6 57
6 64
6 131
6 165
6 186
6 192
6 198
7 8
7 36
7 46
7 115
7 174
7 178
8 9
8 11
8 64
8 81
8 84
8 87
8 119
8 139
8 155
8 174
9 10
9 18
9 51
9 65
9 69
9 79
9 105
9 148
9 154
9 179
9 187
9 194
10 11
10 12
10 35
10 44
10 70
10 134
10 163
10 174
10 195
11 12
11 16
11 17
11 18
11 73
11 83
11 89
11 98
11 104
11 108
11 144
11 164
11 199
12 13
12 44
12 58
12 80
12 95
12 106
12 132
12 157
12 188
13 14
13 26
13 109
13 141
13 154
13 165
14 15
14 40
14 95
14 111
14 146
14 171
14 190
15 16
15 160
15 166
15 170
16 17
16 35
16 64
16 97
16 105
16 114
16 155
16 158
16 169
17 18
17 44
17 98
17 123
17 138
17 146
17 180
18 19
18 73
18 78
18 92
18 112
18 145
18 157
18 158
19 20
19 35
19 94
19 118
19 133
19 143
19 181
19 192
19 193
20 21
20 33
20 84
20 100
20 152
20 193
20 196
21 22
21 65
21 110
21 139
21 147
21 194
22 23
22 55
22 95
22 122
22 160
22 188
23 24
23 30
23 33
23 36
23 39
23 60
23 81
23 90
23 175
23 190
24 25
24 30
24 44
24 71
24 80
24 115
24 139
24 145
24 169
24 179
24 183
24 189
24 194
25 26
25 37
25 66
25 91
25 102
25 129
25 131
25 185
25 188
25 190
26 27
26 55
26 112
26 128
26 139
26 149
26 198
27 28
27 32
27 70
27 109
27 129
27 170
28 29
28 76
28 77
28 90
28 92
28 108
28 166
28 178
28 194
29 30
29 59
29 75
29 94
29 120
29 135
29 193
29 198
30 31
30 56
30 62
30 72
30 88
30 114
30 188
30 192
31 32
31 52
31 58
31 65
31 92
31 101
31 140
31 152
31 158
31 173
31 191
32 33
32 40
32 87
32 118
33 34
33 42
33 44
33 50
33 76
33 81
33 134
33 163
33 164
33 185
33 187
33 188
33 192
34 35
34 53
34 54
34 57
34 104
34 105
34 146
34 160
34 180
34 199
35 36
35 38
35 63
35 116
35 152
35 183
35 196
36 37
36 60
36 113
36 183
37 38
37 56
37 69
37 82
37 87
37 88
37 113
37 149
37 176
38 39
38 64
38 66
38 90
38 99
38 141
38 160
38 161
38 165
38 175
39 40
39 44
39 63
39 64
39 96
39 99
39 171
39 178
40 41
40 117
40 135
40 173
41 42
41 78
41 83
41 84
42 43
42 59
42 61
42 75
42 121
42 152
42 158
42 164
43 44
43 64
43 76
43 102
43 145
43 167
43 183
44 45
44 102
44 119
44 133
44 146
44 154
44 164
44 190
45 46
45 51
45 113
45 122
45 147
45 161
45 169
46 47
46 49
46 67
46 68
46 83
46 90
46 96
46 139
46 140
46 147
46 160
46 171
46 175
46 181
47 48
47 56
47 58
47 133
47 148
47 187
48 49
48 62
48 125
48 137
48 151
48 165
48 171
49 50
49 79
49 82
49 108
49 155
49 157
50 51
50 95
50 119
50 120
50 129
50 130
50 146
50 152
50 185
51 52
51 102
51 106
51 151
51 159
52 53
52 83
52 91
52 94
52 101
52 119
52 124
52 145
52 170
52 190
53 54
53 68
53 99
53 129
53 159
53 195
54 55
54 86
54 113
54 139
54 146
54 186
54 197
55 56
55 79
55 116
55 141
56 57
56 83
56 87
56 112
56 166
56 170
57 58
57 66
57 85
57 91
57 106
57 145
57 185
57 188
58 59
58 60
58 61
58 72
58 123
58 136
58 148
58 173
59 60
59 81
59 103
59 135
59 175
59 181
60 61
60 80
60 122
60 140
60 148
60 163
60 184
60 192
61 62
61 68
61 72
61 94
61 150
62 63
62 71
62 106
62 110
62 135
62 139
62 155
62 171
62 173
62 177
62 182
62 188
63 64
63 71
63 113
63 136
63 191
64 65
64 122
64 124
64 136
64 146
64 152
64 178
65 66
65 87
65 100
65 142
65 160
65 195
66 67
66 75
66 80
66 86
66 122
66 152
66 176
66 186
66 189
66 200
67 68
67 71
67 78
67 152
67 153
67 154
67 163
67 176
68 69
68 166
69 70
69 104
69 125
69 148
69 154
69 166
69 172
69 193
69 197
70 71
70 100
70 136
70 186
71 72
71 151
71 188
72 73
72 92
72 122
72 140
72 156
72 193
73 74
73 132
73 139
73 156
74 75
74 85
74 118
74 130
74 166
74 172
75 76
75 77
75 83
75 104
75 107
75 113
75 120
75 125
75 154
75 163
76 77
76 96
76 128
76 161
76 175
77 78
77 104
77 106
77 142
77 184
77 188
78 79
78 81
78 115
78 154
78 156
78 162
78 190
79 80
79 111
80 81
80 117
80 194
80 195
80 198
81 82
81 110
81 128
81 179
82 83
82 106
82 130
82 142
82 186
82 191
83 84
83 90
83 114
83 132
84 85
84 97
84 183
85 86
85 88
85 111
85 163
85 170
85 194
86 87
86 115
86 140
86 148
86 174
86 195
87 88
87 115
87 129
87 156
87 157
87 174
88 89
88 168
89 90
89 101
89 105
89 108
89 126
90 91
90 116
90 118
90 122
90 135
90 188
91 92
92 93
92 110
92 115
92 148
92 151
92 169
93 94
93 101
93 116
93 151
93 155
93 175
94 95
94 109
94 110
94 123
94 150
94 177
94 184
95 96
95 120
96 97
96 98
96 123
96 161
97 98
97 137
98 99
98 101
98 153
98 164
98 199
99 100
99 101
99 114
99 123
99 168
99 175
100 101
100 134
100 147
101 102
101 132
102 103
102 143
102 150
102 161
103 104
103 105
103 149
103 163
103 182
103 188
103 200
104 105
104 119
104 128
104 162
104 175
105 106
105 118
105 148
105 163
106 107
106 135
106 169
106 173
106 184
107 108
107 126
107 159
107 161
107 164
108 109
108 120
108 133
108 135
108 136
108 159
108 163
109 110
109 111
109 123
110 111
110 139
110 172
110 182
110 183
111 112
111 116
111 140
111 141
111 151
111 171
111 174
111 194
112 113
112 124
112 130
112 196
113 114
113 195
114 115
114 127
114 134
114 168
114 195
115 116
115 134
115 137
115 171
115 185
116 117
116 119
116 125
116 130
116 142
116 162
116 167
116 171
116 183
117 118
117 128
117 132
117 184
118 119
118 145
118 187
119 120
119 146
119 158
119 171
119 181
119 194
119 197
120 121
120 138
120 145
120 150
121 122
121 150
121 179
122 123
122 128
122 131
122 198
123 124
123 135
123 155
123 178
123 191
124 125
124 147
124 186
125 126
125 128
125 162
125 179
125 198
126 127
126 138
127 128
127 134
127 144
127 147
127 170
127 173
127 186
128 129
128 134
128 162
128 168
128 182
129 130
130 131
130 143
130 145
131 132
132 133
132 180
133 134
134 135
134 149
134 156
134 174
134 191
134 192
135 136
135 148
135 180
136 137
136 168
136 190
137 138
137 139
137 141
137 149
137 169
137 190
138 139
138 145
138 160
138 165
138 185
138 197
139 140
139 164
139 174
139 189
140 141
140 151
140 186
141 142
141 150
141 181
142 143
142 157
142 187
143 144
143 151
143 164
143 181
143 193
143 194
144 145
145 146
145 166
146 147
146 169
146 171
147 148
147 156
147 162
147 167
147 183
147 184
148 149
148 167
148 179
148 189
149 150
149 182
150 151
150 182
151 152
151 191
151 192
152 153
152 162
152 171
152 181
152 185
152 187
153 154
153 161
153 162
153 169
153 190
154 155
154 157
154 168
154 194
155 156
155 166
155 174
155 176
155 184
156 157
156 160
157 158
157 191
157 197
158 159
159 160
159 190
160 161
160 164
161 162
161 192
161 198
161 199
162 163
162 180
162 192
163 164
163 180
163 193
164 165
164 176
165 166
165 169
165 198
166 167
166 180
166 183
167 168
167 179
168 169
168 188
169 170
169 179
169 182
169 194
169 198
170 171
170 181
170 191
171 172
171 180
171 191
172 173
172 178
173 174
174 175
175 176
175 182
175 189
176 177
177 178
178 179
178 188
178 193
179 180
179 193
180 181
181 182
181 183
181 190
182 183
183 184
184 185
185 186
186 187
186 191
186 197
187 188
187 192
187 193
188 189
189 190
190 191
190 193
190 198
191 192
192 193
193 194
193 199
194 195
195 196
196 197
197 198
198 199
199 200
