73 108
101 102
101 103
101 105
102 104
102 106
103 109
103 124
104 109
105 110
106 110
107 108
107 203
108 109
108 110
109 111
109 112
110 111
110 112
111 113
111 114
112 113
112 123
113 123
113 215
114 116
115 116
115 121
115 124
116 117
116 119
117 118
117 122
118 121
119 120
120 123
121 122
123 217
201 202
201 203
201 205
202 204
202 206
203 209
203 224
204 209
205 210
206 210
207 208
208 209
208 210
209 211
209 212
210 211
210 212
211 213
211 214
212 213
212 223
213 223
214 216
215 216
215 221
215 224
216 217
216 219
217 218
217 222
218 221
219 220
220 223
221 222
301 302
301 303
301 305
302 304
302 306
303 309
303 324
304 309
305 310
306 310
307 308
308 309
308 310
309 311
309 312
310 311
310 312
311 313
311 314
312 313
312 323
313 323
314 316
315 316
315 321
315 324
316 317
316 319
317 318
317 322
318 321
319 320
320 323
321 322
325 121
318 223
323 325